0.029293	-0.277688	-0.157615
0.021932	-0.148344	-0.193525
0.093561	-0.043472	-0.107284
0.105277	0.008585	-0.07852
0.162386	0.005527	-0.02819
0.054683	0.007281	-0.00664
0.121844	-0.048275	-0.104844
0.076725	-0.041614	-0.183912
0.089264	-0.061199	-0.104926
0.061224	-0.090603	-0.184026
2.5e-05	-0.100855	-0.13622
0.022785	0.010662	-0.098009
-0.045042	-0.004739	-0.06702
0.009199	-0.012924	-0.052788
-0.113234	-0.097501	-0.060165
-0.115914	-0.017075	-0.05796
-0.161538	-0.042002	0.001711
-0.14264	0.131329	-0.008064
-0.044943	0.05808	-0.029793
-0.124275	0.073409	-0.06591
-0.158186	0.055283	-0.025379
-0.134562	0.018049	-0.011199
-0.189785	0.171806	0.012541
-0.125612	0.129271	0.005178
-0.090494	0.105965	0.009818
-0.167882	0.202332	0.076725
-0.20477	0.269946	0.033479
-0.141554	0.189233	0.062128
-0.119318	0.285749	0.042902
-0.102096	0.305637	-0.014624
-0.085128	0.390103	-0.062547
-0.061199	0.383814	-0.007465
-0.099471	0.435108	0.040428
-0.09248	0.36236	-0.002666
-0.135674	0.37111	-0.050563
-0.143068	0.472973	-0.043361
-0.1194	0.345643	-0.084051
-0.153267	0.407537	-0.05049
-0.180109	0.479434	0.002249
-0.168761	0.293476	-0.067146
-0.219528	0.430541	-0.026383
-0.153231	0.390877	0.023986
-0.170527	0.291455	0.016854
-0.178311	0.319158	-0.021408
-0.210211	0.3277	0.036147
-0.192124	0.346	-0.009257
-0.240889	0.165831	-0.006778
-0.251296	0.184571	-0.013882
-0.269185	0.141171	-0.044912
-0.291752	0.054894	-0.037627
-0.176143	0.085893	-0.035069
-0.273302	0.040268	-0.008596
-0.262953	0.049745	-0.025211
-0.319848	0.064068	-0.089711
-0.328754	0.051933	-0.106316
-0.301735	0.034995	-0.1349
-0.288976	0.056175	-0.125174
-0.28588	0.046232	-0.15376
-0.294941	-0.047334	-0.100901
-0.258495	0.038472	-0.079178
-0.250678	0.01643	-0.0407
-0.283545	0.013555	-0.093238
-0.316229	0.084592	-0.049991
-0.305639	-0.066747	-0.071425
-0.27841	-0.045924	-0.114403
-0.287194	-0.058635	-0.025646
-0.288955	-0.092893	-0.087764
-0.293037	0.023337	-0.04211
-0.333124	-0.099709	-0.135362
-0.232134	-0.06491	-0.075314
-0.221985	0.046301	-0.032044
-0.295679	0.040207	-0.11092
-0.2711	-0.09016	-0.050891
-0.186712	0.049748	-0.057918
-0.215118	-0.011447	-0.155937
-0.195542	0.09729	-0.129422
-0.188101	0.031302	-0.083734
-0.154367	0.125354	-0.114681
-0.122752	0.118737	-0.011532
-0.169744	0.147886	-0.020984
-0.190105	0.136278	0.065341
-0.191287	0.201175	0.125319
-0.235706	0.203879	-0.001506
-0.134189	0.146753	-0.044489
-0.159565	0.089902	-0.018025
-0.065574	0.112185	-0.020267
-0.108287	0.039188	0.020614
-0.053251	-0.028402	0.054345
0.058478	-0.088328	0.090537
0.157629	-0.159771	0.193835
0.241597	-0.252131	0.199
0.26756	-0.298501	0.127562
0.42161	-0.404002	0.106515
0.436576	-0.51833	0.140559
0.527357	-0.615076	0.129149
0.596164	-0.637403	0.124944
0.709806	-0.678697	0.17587
0.651314	-0.646001	0.219575
0.721409	-0.607899	0.205841
0.677189	-0.515091	0.170491
0.724203	-0.671283	0.106375
0.723339	-0.616706	0.073378
0.676944	-0.657867	0.064324
0.692451	-0.596051	0.060072
0.673042	-0.561036	0.010238
0.707283	-0.500976	-0.099532
0.729638	-0.410123	-0.120694
0.793239	-0.484711	-0.199379
0.789783	-0.391814	-0.17029
0.822263	-0.354296	-0.157969
0.858308	-0.353647	-0.227148
0.892019	-0.208214	-0.281945
0.850367	-0.264074	-0.396701
0.824411	-0.234411	-0.260064
0.827674	-0.152758	-0.374924
0.80994	-0.210527	-0.485024
0.761709	-0.11797	-0.444271
0.678567	-0.061762	-0.525725
0.617071	-0.070741	-0.53533
0.54515	-0.058646	-0.406119
0.50513	-0.013426	-0.523645
0.451437	-0.056916	-0.459198
0.479697	-0.040949	-0.344488
0.422334	-0.089867	-0.421419
0.377423	-0.110288	-0.393006
0.297252	-0.193004	-0.29758
0.241336	-0.079713	-0.27882
0.195546	-0.081657	-0.214595
0.123881	-0.270069	-0.133651
0.126347	-0.185611	-0.134135
0.047905	-0.197259	-0.03886
0.0459	-0.146709	-0.027403
0.005578	-0.15123	0.019973
0.082382	-0.160715	0.045805
-0.010674	-0.151041	0.08838
-0.022489	-0.077001	0.162099
-0.053676	-0.08681	0.128048
-0.054027	0.008598	0.168263
-0.147614	-0.008521	0.182114
-0.028753	0.057994	0.196012
-0.03944	0.062385	0.193158
-0.131832	0.102852	0.104095
-0.025686	0.128962	0.108454
-0.113835	0.176841	0.024218
-0.132542	0.196177	0.04296
-0.12758	0.306575	-0.012525
-0.170508	0.211521	-0.051249
-0.144029	0.231653	-0.02771
-0.294787	0.309571	-0.164637
-0.225444	0.210831	-0.114737
-0.309247	0.243946	-0.158261
-0.323699	0.143513	-0.120347
-0.311706	0.129465	-0.12795
-0.447915	0.154031	-0.142768
-0.406894	0.025922	-0.164775
-0.409727	0.089559	-0.040624
-0.42688	0.047767	-0.084128
-0.420087	0.037166	-0.010279
-0.394047	0.000306	0.02045
-0.322886	-0.048473	0.063185
-0.411984	-0.044986	0.137038
-0.386358	-0.02219	0.1175
-0.360686	-0.040715	0.136281
-0.29701	-0.080384	0.140719
-0.271802	-0.132588	0.106849
-0.265878	-0.065185	0.130469
-0.233836	0.063621	0.096628
-0.221174	0.132122	0.117892
-0.153684	0.171603	0.184682
-0.158239	0.201449	0.059888
-0.143697	0.317027	0.006948
-0.179282	0.439504	-0.074753
-0.119182	0.485195	-0.034298
-0.092748	0.396425	-0.03934
-0.212143	0.48518	-0.156975
-0.135329	0.595281	-0.130898
-0.19995	0.604713	-0.100019
-0.178297	0.666973	-0.143394
-0.156945	0.567119	-0.198712
-0.221882	0.556377	-0.11751
-0.190828	0.569454	-0.127337
-0.219767	0.554034	-0.122783
-0.191507	0.46523	-0.101432
-0.244332	0.343776	-0.07053
-0.337413	0.230283	-0.020509
-0.285103	0.22765	0.022398
-0.337828	0.127407	0.036537
-0.424069	0.039626	0.074626
-0.488564	0.104994	0.052818
-0.44097	-0.00133	0.081361
-0.539694	-0.119219	0.138665
-0.633493	-0.20544	0.126506
-0.553118	-0.133931	0.095248
-0.604222	-0.298683	0.119056
-0.552646	-0.257817	0.123728
-0.491875	-0.276843	0.099704
-0.439202	-0.267534	0.056605
-0.508898	-0.315684	0.118911
-0.476348	-0.28048	0.028006
-0.468635	-0.206996	0.119214
-0.398501	-0.181833	0.126577
-0.274155	-0.233257	0.047807
-0.248074	-0.091389	0.028915
-0.143245	-0.122053	0.108251
-0.053335	-0.078643	-0.023126
0.060467	0.026597	0.029916
0.090378	0.045439	0.035062
0.144275	0.042772	-0.0532
0.150283	0.090336	-0.028902
0.134879	0.128247	0.033703
0.191508	0.089755	-0.131236
0.162015	0.11355	-0.190806
0.139782	0.137357	-0.106686
0.275334	0.297276	-0.120732
0.207648	0.203568	-0.180319
0.226156	0.234187	-0.177634
0.230327	0.188382	-0.182136
0.215603	0.171354	-0.16511
0.251286	0.190428	-0.174439
0.153409	0.090063	-0.188613
0.230375	0.147743	-0.171651
0.116433	0.181459	-0.193076
0.122432	0.157759	-0.238465
0.097507	0.112567	-0.214423
0.103993	0.115244	-0.16885
0.170274	-0.051464	-0.144822
0.143455	-0.017206	-0.20465
0.150291	0.024204	-0.161504
0.149941	-0.063519	-0.195
0.144985	-0.050835	-0.16624
0.118557	-0.083677	-0.166229
0.113907	-0.097442	-0.091996
0.140436	-0.123273	-0.113567
0.126343	-0.211431	-0.070481
0.102791	-0.137207	-0.106443
0.105653	-0.144598	-0.051402
0.261398	-0.207176	-0.128051
0.268639	-0.07637	-0.092131
0.237505	-0.192329	-0.106505
0.304598	-0.150576	-0.159205
0.271448	-0.066162	-0.010758
0.343312	0.003606	-0.025137
0.348435	-0.029669	-0.097026
0.408494	-0.007902	-0.049156
0.372842	-0.031636	-0.070748
0.411353	0.035291	-0.101912
0.399846	0.059226	-0.137894
0.307421	0.078426	-0.178714
0.390117	0.183582	-0.085444
0.310285	0.114179	-0.16225
0.257018	0.050123	-0.088188
0.266096	0.086696	-0.078799
0.230032	0.097227	-0.14369
0.180078	0.100549	-0.09606
0.125564	0.022796	-0.137067
0.119316	0.026506	-0.032012
0.074955	-0.050821	-0.082654
-0.047991	-0.054086	-0.142922
-0.034472	-0.071521	-0.06667
-0.104516	-0.112919	-0.148512
-0.112159	-0.151808	-0.122597
-0.122122	-0.183338	-0.072738
-0.175065	-0.083601	-0.094749
-0.199321	-0.182496	-0.147889
-0.242718	-0.190534	-0.019016
-0.266904	-0.143984	-0.074566
-0.240846	-0.205074	-0.043893
-0.171889	-0.154032	-0.01081
-0.346845	-0.120124	-0.040043
-0.258685	-0.093647	-0.009372
-0.22364	-0.074754	-0.067277
-0.236682	0.022813	-0.091637
-0.225894	-0.028076	-0.053718
-0.220163	-0.014468	0.056077
-0.281358	0.068265	0.082026
-0.20634	-0.023537	0.019393
-0.224501	0.080669	0.026183
-0.170928	0.031845	0.023409
-0.093549	0.069125	0.049382
-0.133507	0.029981	0.051407
-0.240321	0.084038	0.017479
-0.194179	0.150002	-0.021207
-0.133877	0.165585	0.009582
-0.205044	0.255311	0.006808
-0.120871	0.187405	0.040002
-0.192294	0.14611	0.008521
-0.163377	0.179221	-0.085203
-0.254028	0.102459	-0.020872
-0.270243	0.061625	-0.071524
-0.195759	0.130658	-0.088616
-0.288346	0.158746	-0.08183
-0.271235	0.191948	-0.015111
-0.251961	0.20844	-0.053747
-0.256563	0.067204	-0.051673
-0.263829	0.16046	0.003117
-0.232911	0.19842	-0.028304
-0.233374	0.164509	0.004965
-0.233778	0.147422	-0.009672
-0.260465	0.147167	0.00682
-0.258291	0.142064	0.008927
-0.328151	0.184769	0.042183
-0.226291	0.268321	0.065945
-0.222771	0.311091	0.025052
-0.195601	0.16993	0.036893
-0.252665	0.270883	-0.068573
-0.20926	0.168539	-0.025529
-0.184997	0.243219	-0.03518
-0.175412	0.222446	-0.109459
-0.118111	0.221082	-0.06875
-0.180595	0.174544	-0.10467
-0.109132	0.283609	-0.020826
-0.162274	0.167985	-0.051921
-0.239399	0.110337	0.02956
-0.239979	0.165249	0.065545
-0.209535	0.091162	0.118317
-0.217616	0.019958	0.063343
-0.192155	-0.04632	0.096989
-0.154879	-0.110073	0.073173
-0.184623	-0.104574	0.114016
-0.247744	-0.106096	0.121312
-0.215675	-0.088954	0.042448
-0.276929	-0.07189	0.016261
-0.197268	-0.13618	0.042809
-0.194346	-0.092943	-0.002487
-0.229768	-0.090458	-0.014253
-0.200712	-0.054681	-0.028397
-0.179201	0.014503	-0.08801
-0.236563	-0.038611	-0.133275
-0.248456	-0.077013	-0.101888
-0.219465	0.025426	-0.130405
-0.185973	-0.006164	-0.137333
-0.169253	-0.028157	-0.065225
-0.188318	-0.052426	-0.086538
-0.176253	-0.033563	-0.098269
-0.107022	0.037706	-0.100393
-0.116718	-0.036891	-0.09055
-0.078735	0.07973	-0.078297
-0.072032	0.024258	-0.094759
-0.043975	-0.021377	-0.034557
-0.073088	0.062118	-0.036661
0.009988	0.140874	0.021146
0.121687	-0.009812	0.002335
0.106554	0.076555	-0.050019
0.182264	0.098193	-0.068825
0.188578	0.129348	-0.001424
0.159049	0.093616	-0.013061
0.229956	0.038865	-0.043843
0.305379	0.149013	-0.074602
0.383369	0.103947	0.009588
0.434928	0.142555	-0.052312
0.366898	0.162085	-0.099859
0.446856	0.288862	-0.099467
0.472282	0.243411	-0.194928
0.509795	0.372616	-0.151491
0.597521	0.360557	-0.220616
0.534379	0.374877	-0.237053
0.550328	0.391586	-0.193619
0.544521	0.429879	-0.207647
0.588748	0.427616	-0.226439
0.668774	0.373186	-0.197304
0.672433	0.480871	-0.175403
0.700067	0.326425	-0.160661
0.694063	0.311493	-0.107581
0.735798	0.339555	-0.119152
0.729788	0.203815	-0.204957
0.733537	0.090033	-0.264431
0.802648	0.160777	-0.17069
0.893269	0.222002	-0.239809
0.855297	0.233388	-0.067095
0.852721	0.280909	-0.078743
1.00278	0.24255	-0.061589
0.963904	0.256917	0.005831
1.08467	0.091882	0.00627
1.1115	0.07126	-0.137161
1.1549	0.074342	-0.203939
1.25077	0.158509	-0.237178
1.25188	0.034391	-0.124418
1.23092	0.116537	-0.138547
1.26603	-0.063634	0.014865
1.4224	0.066593	0.05578
1.38107	0.071621	-0.171659
1.33417	0.050019	-0.23856
1.06143	-0.098669	-0.219178
1.20008	-0.039399	-0.288365
1.34332	-0.009138	-0.369512
1.37782	0.063372	-0.354778
1.42445	-0.006484	0.062067
1.29888	0.333903	-0.342593
1.42411	0.257137	-0.548409
1.51527	0.16583	-0.68472
1.73252	0.205905	-0.535951
1.61693	0.152569	-0.494969
1.57769	0.266605	-0.34858
1.7557	0.478732	-0.218679
1.76052	0.4622	-0.215664
1.37303	0.367645	-0.428452
1.49032	0.091307	-0.547785
1.63431	-0.088948	-0.727021
1.88776	-0.014391	-0.709585
2.08692	-0.15743	-0.560493
2.15779	-0.104534	-0.308517
2.18002	-0.068373	-0.192994
2.12866	0.07482	-0.027244
1.9743	0.129235	-0.115373
2.04872	-0.100255	-0.172288
2.10354	0.32585	-0.056909
2.0483	-0.244745	0.154056
2.00407	-0.08998	-0.034869
1.65567	0.091311	0.020496
1.57036	-0.159177	-0.051054
1.79805	-0.27252	-0.017159
1.81778	-0.145263	0.110093
1.70314	-0.388458	-0.035883
1.8793	-0.586458	-0.174763
1.83022	-0.248916	-0.141013
1.68007	-0.106108	-0.486033
1.6563	0.443131	-0.390341
1.60457	0.15219	-0.519841
1.88407	0.134647	-0.299724
1.58951	-0.14176	-0.482038
1.87853	-0.805471	-0.508599
1.87695	-0.623498	-0.487431
1.73212	-0.322047	-0.876056
1.5805	0.321876	-0.673152
1.53921	0.508503	-0.542121
1.49944	-0.098867	-0.454109
1.87875	-0.226052	-0.016659
1.895	-0.509115	-0.283446
1.78454	-0.52945	-0.296412
1.50589	-0.359077	-0.026963
1.3904	-0.073819	-0.147956
1.23683	-0.116774	-0.230674
1.19717	-0.483112	0.043319
1.23028	-0.706508	0.480041
0.976725	-0.482802	-0.271291
1.34569	-0.324777	-0.601148
1.74908	-0.318214	-0.542922
1.55293	-0.271305	-0.546932
1.88563	-0.314986	-0.495596
2.01076	-0.21092	-0.403675
2.19516	-0.384437	-0.316503
2.2511	-0.311427	-0.322371
2.34914	-0.346234	-0.496298
2.60454	0.107555	-0.244116
2.09797	-0.663962	-0.578666
2.36371	-0.207018	-1.04031
2.09843	-0.077924	-0.881728
2.15461	-0.623374	-0.471724
2.28817	-0.225128	-0.277378
2.47161	-0.028604	-0.334525
1.66456	-0.073264	-0.054363
1.70173	0.359375	0.062676
1.40289	-0.220873	-0.076795
0.403356	0.198777	0.116108
0.49758	0.418705	0.138638
0.374786	0.226022	0.31151
0.003468	0.278359	0.538882
-0.5058	0.086159	0.588431
-1.21229	0.342212	0.467444
-1.55947	-0.135169	0.355473
-1.28952	-0.589223	0.590151
-1.8362	-0.474831	0.462835
-2.24442	-0.203806	0.389967
-1.87384	-0.287756	0.546656
-1.8896	-0.224978	0.587318
-2.15216	-0.03673	0.555314
-2.40333	-0.017688	0.395992
-2.36788	-0.047333	0.334362
-2.45605	0.303665	0.197723
-2.71599	0.368482	0.294709
-2.0265	0.191789	0.322113
-2.60216	0.358531	0.184058
-2.63433	0.175301	0.107374
-2.54082	0.258235	-0.018629
-2.87001	0.494122	0.272094
-3.0706	0.142217	0.435474
-2.7094	0.51552	0.240593
-3.26037	0.311855	0.386454
-3.41566	0.089133	0.861216
-3.34854	0.310348	0.853329
-4.07745	0.453931	1.26379
-4.10039	0.506936	1.12859
-4.00373	0.51115	1.46101
-4.74746	0.880856	1.72692
-5.96783	0.314958	2.9198
-5.59625	0.00388	2.89082
-5.7884	0.313182	2.86615
-6.70591	0.491796	3.29344
-6.55628	0.61461	3.48509
-6.62862	0.564123	3.33701
-7.56387	0.705482	4.06258
-8.99348	0.637505	4.79029
-8.97549	1.10392	5.07659
-8.12687	1.54778	4.30286
-9.77785	1.46337	4.71814
-9.70015	2.61935	5.47339
-10.2599	2.1832	5.827
-10.7848	3.40166	4.89949
-10.5754	3.16264	3.03602
-7.73155	5.00159	4.16498
-10.5681	3.05933	3.21
-12.5757	2.63158	2.4131
-12.2648	3.76007	3.63613
-12.8365	3.63147	7.55949
-13.1948	3.6718	9.05
-11.7725	3.77258	8.62033
-12.9909	3.54363	8.15697
-14.1795	3.23856	8.88852
-14.8185	3.42911	10.113
-15.7444	3.3687	10.6238
-17.0215	3.6391	11.6442
-17.536	5.23259	12.8096
-16.8135	4.23395	12.3004
-18.3993	4.4493	12.34
-21.597	1.92774	11.7458
-22.4184	7.01459	11.6627
-19.3533	7.32158	10.8037
-18.5066	6.80887	10.0868
-10.4064	14.8233	10.3325
-5.79341	0.101563	5.92522
-18.8857	11.4467	11.8599
-19.4128	5.19101	10.3101
-14.5685	5.72493	9.36443
-17.2805	7.89354	10.8426
-18.9387	8.14862	9.68845
-14.8554	10.9194	9.97434
-15.3183	6.57248	8.68227
-14.7982	7.76826	8.11845
-13.961	6.49969	7.69341
-11.8974	6.84	7.94572
-14.9469	7.22559	7.69775
-12.4814	5.09184	9.20397
-9.39205	6.36086	8.7193
-9.45261	6.00855	7.73193
-7.18432	4.82695	6.36918
-8.58261	5.30511	7.32983
-6.19871	4.55988	5.43636
-5.52571	4.20535	5.77543
-3.57505	5.87034	4.06319
-0.949731	7.13138	3.12125
0.167015	7.09779	2.81259
1.69746	5.31654	2.58284
4.09003	7.85231	1.01266
5.45633	8.19371	1.14539
8.1132	7.36871	0.522424
8.74712	7.79676	-0.665179
11.6204	8.8224	-1.19707
13.0169	8.34385	-1.53237
15.899	7.04325	-1.93869
15.005	7.37011	-5.08751
19.5809	10.8534	3.2211
13.6218	11.5222	-1.68696
17.2938	11.8756	-0.534393
18.0959	12.188	1.78459
22.8059	3.72308	0.972982
23.2685	8.43607	-0.528829
20.7805	3.68752	-1.13425
19.9623	9.04645	-0.861491
19.058	5.67225	-2.4446
19.5398	6.87929	-0.924834
22.0922	6.88715	-2.3007
21.1534	4.16838	-3.52537
27.5408	-0.55648	3.9975
18.0742	-2.75519	-1.60757
20.8237	2.7792	-3.26219
20.0081	2.67276	-1.70661
19.7414	-6.75639	-3.22882
16.0407	-5.17542	-2.22563
19.6073	-2.6016	0.230152
18.4373	-4.94649	0.162755
22.1712	-5.1868	-1.30035
24.3409	-7.67833	-2.99564
24.4041	-8.47878	-5.68762
25.2347	-6.80242	-5.15643
25.3652	-9.6006	-5.53942
23.2214	-10.3035	-6.4557
22.4419	-9.55353	-4.90117
22.8355	-9.60999	-4.3704
23.0723	-9.18083	-3.74442
23.5847	-7.86449	-3.60429
23.3973	-7.10698	-3.01086
22.9448	-6.20519	-1.49112
22.7839	-5.67592	-1.13544
21.3189	-5.98373	-0.589148
19.4964	-5.5341	-0.898777
18.0235	-5.23896	-1.3
16.5981	-4.00949	-1.99839
15.9113	-3.44426	-2.62865
15.0786	-1.23792	-3.16557
16.5908	0.223359	-3.04586
16.6693	0.383908	-2.62573
16.3264	0.934463	-1.04894
16.2249	1.92892	-0.417772
15.6223	0.769829	-0.956214
15.0162	0.145979	-1.73509
14.9132	-0.081619	-2.4249
14.7623	-0.005167	-2.25462
13.8156	-0.182026	-2.07573
13.6411	-0.571424	-1.82332
12.5708	-1.24837	-1.83186
12.2104	-1.13391	-1.33991
11.7798	-1.50774	-1.30469
10.9286	-0.956527	-1.276
11.1465	-1.02881	-1.04296
10.6874	-0.213165	-0.95446
10.1691	0.522762	-1.10879
9.82112	1.16555	-0.992414
9.35279	0.970681	-0.890985
8.89637	1.02632	-0.854267
8.25472	1.19152	-0.762899
7.77658	1.21671	-0.888296
7.30176	1.67056	-0.645558
6.99488	1.13988	-0.854333
6.77247	1.30189	-0.877999
6.5385	1.70611	-0.708869
6.09931	1.91425	-0.953404
6.52488	1.56186	-0.593659
5.8184	2.04614	-0.807885
6.23498	2.07634	-0.582789
5.94811	2.47891	-0.306625
5.93307	1.43178	-0.249045
4.54832	1.72655	-0.436225
5.1201	2.45461	0.12928
5.50488	4.05609	0.338378
4.41038	2.29523	-0.191471
3.01135	3.46894	-0.280507
2.64879	4.60589	0.135
2.32629	5.2793	0.224343
0.277725	3.62591	0.138663
-0.295349	0.874968	0.643347
-0.215989	1.20388	0.90757
-3.47323	3.82964	2.53623
-1.56531	8.80629	2.78518
-2.88596	5.47024	3.82833
-5.02859	6.57596	3.5284
-6.7624	6.0495	3.66721
-6.18602	9.89367	3.63288
-7.84606	9.15216	4.42506
-9.59177	7.79109	3.08015
-11.6228	6.93222	4.57086
-14.0185	9.5667	5.60489
-14.3233	11.1001	5.42009
-16.5963	10.4101	7.22584
-16.0626	10.8407	7.36534
-16.9853	11.225	9.0385
-18.0046	13.1172	10.8818
-18.266	13.1144	10.9428
-19.3044	14.0974	10.915
-19.7351	13.2232	10.3934
-19.4307	13.5024	9.41161
-19.1774	11.925	8.9599
-16.7969	13.2863	10.6178
-20.9653	11.7085	9.19888
-22.4014	10.9326	8.87422
-24.1161	12.028	15.7957
-22.2968	11.3737	15.2984
-22.5771	11.9593	18.4551
-23.3945	11.2707	20.8104
-22.8624	12.8803	15.0324
-24.2698	12.0368	18.9038
-25.4827	12.0181	18.2691
-24.4702	12.0386	16.1444
-23.8535	13.1057	15.2393
-25.0855	10.8305	14.5662
-24.5756	13.5889	12.6389
-26.2849	14.8723	11.4894
-28.3327	15.2595	10.7346
-30.4985	17.264	10.0885
-30.6693	16.5052	6.50273
-25.5635	15.5753	14.0119
-22.7158	14.3259	20.5739
-22.2631	12.6352	21.7469
-25.5458	6.86703	21.6509
-28.8328	9.40315	21.192
-25.4756	9.59771	22.4772
-23.3111	1.85585	17.8464
-26.1802	7.64782	20.0539
-22.2413	5.74914	18.1151
-22.021	7.78568	18.33
-20.6566	9.83668	18.2617
-22.5273	7.94501	16.128
-21.4012	9.20253	16.5964
-18.7837	11.3526	14.6552
-17.7854	11.5852	11.5585
-15.9392	13.7035	10.3602
-11.722	10.2002	8.72241
-10.8122	9.94258	8.35969
-9.70784	13.2158	7.17102
-6.09793	14.6047	7.39878
-4.78745	14.8105	5.97172
-0.539456	11.7008	7.07633
-1.45267	10.1281	5.022
4.45907	13.387	4.653
5.45452	13.7509	5.56791
10.3204	14.7893	5.12265
11.5638	15.6585	4.07615
18.6655	15.9632	3.29314
19.3045	14.3064	3.58545
24.2824	14.4991	2.97843
27.473	13.0349	1.45623
33.2653	11.2263	2.13307
36.9883	9.44495	0.699773
36.6248	10.1025	1.86549
35.9853	8.69008	1.26702
36.7025	9.86522	0.516774
32.2314	17.0119	-1.42337
48.0569	13.4611	4.76056
32.3564	11.1765	0.909991
31.2771	20.5947	6.07881
24.4437	11.2822	12.4694
20.7286	4.22997	4.63998
11.088	-7.79835	-0.93072
29.7895	3.69307	12.5354
36.518	-5.03889	14.9367
25.0072	-11.1657	6.23889
29.5082	6.41608	5.9508
31.1039	-4.11608	4.62505
35.6238	-4.25193	4.44082
34.7372	-7.72971	4.01686
31.2087	-16.5716	5.9732
27.7123	-22.8897	0.941167
32.662	-8.29881	3.29264
31.654	-17.9488	2.23544
29.3805	-17.185	0.696066
28.4706	-14.2123	-0.709107
26.3207	-21.7445	-8.78951
26.3619	-16.8031	-11.8801
24.3558	-17.3899	-12.6592
22.1473	-16.662	-13.1513
21.8144	-16.3217	-12.1871
21.4745	-15.8743	-8.53055
21.0181	-14.6758	-5.18896
19.922	-14.558	-1.77746
18.5922	-13.1307	1.01607
18.768	-12.2378	2.86329
17.2678	-12.4709	4.11808
16.2202	-12.4734	5.40455
14.491	-10.7163	5.61066
14.4857	-7.31971	5.4743
14.2557	-6.3235	5.59866
12.7415	-4.1557	5.07865
11.5136	-4.64847	3.85655
9.26803	-4.02668	3.11595
9.73968	-5.95462	1.58458
10.8095	0.101462	1.97863
10.1463	-1.48565	1.13315
9.45227	-1.56401	0.15147
8.69998	0.021138	1.60732
6.65676	-0.599511	2.11371
6.75776	-0.862235	2.65821
6.49771	-0.296339	2.88336
6.22293	2.00333	1.57621
5.56497	-0.006197	0.632981
3.91961	3.49853	1.132
3.45607	2.47895	0.288754
3.01908	1.48871	1.0584
1.84455	2.70113	0.607898
0.477536	1.707	1.29266
0.080986	3.19601	2.51887
-2.2743	3.13513	2.62276
-2.97636	4.47386	4.72439
-4.05855	3.82002	2.98967
-1.86992	2.8411	2.02173
-3.83457	4.72478	2.65123
-5.47796	5.965	1.3679
-6.73146	7.23047	2.16765
-8.19452	7.9063	2.69946
-9.87575	7.402	2.5464
-10.3558	8.4108	4.02194
-11.0711	8.69094	4.77818
-11.9749	7.76328	4.91981
-10.2827	8.20476	5.57331
-10.9066	8.45233	5.24261
-11.9232	8.40785	5.24222
-11.8945	8.96564	5.35296
-11.8131	8.2832	4.44225
-10.922	8.17037	4.41917
-11.0811	7.6623	4.09446
-11.1876	7.78397	3.5396
-11.4326	7.39102	3.70926
-13.622	6.82604	5.83802
-10.2198	6.26405	4.00942
-8.8636	5.99666	4.39501
-9.70105	5.51672	3.7812
-9.62877	6.13333	4.29062
-10.3912	6.02339	4.70957
-10.352	5.80558	4.90023
-10.0251	5.68139	4.92061
-9.96834	5.63118	4.98651
-10.5368	5.5159	4.81519
-10.2763	5.47641	4.593
-10.1648	5.21565	4.28614
-10.3695	5.53943	4.52786
-10.3457	5.97593	3.83369
-11.2518	5.60074	3.56114
-11.6423	6.08055	3.96613
-10.9343	5.72871	3.39416
-11.2468	5.38274	3.82007
-10.6773	5.30596	4.3806
-10.641	4.74832	3.70517
-10.1795	3.93084	3.8273
-10.0544	3.96607	3.83353
-10.0259	3.16606	3.34731
-9.99373	2.79022	3.07854
-9.7662	2.65147	3.00917
-9.45354	2.46153	2.81147
-9.0078	2.15219	2.81196
-8.48327	1.75819	2.79564
-8.31601	1.73861	2.71082
-8.08425	1.61676	2.53923
-8.01176	1.24397	2.43329
-7.49628	1.1198	2.20814
-6.97058	1.04814	2.00764
-6.47249	0.968307	1.78599
-5.9567	0.948366	1.5907
-5.40346	0.983437	1.29805
-4.68596	0.883878	1.05069
-4.3027	0.586153	0.989908
-3.99615	0.566892	0.801298
-3.862	0.470845	0.725589
-3.5281	0.160552	0.647962
-2.90355	0.169637	0.662176
-2.65043	0.123764	0.590112
-2.58595	0.417168	0.921481
-3.05022	0.438103	1.03817
-2.82768	0.936419	1.26896
-2.73164	0.892765	1.40679
-2.39939	1.15335	1.23287
-2.43924	0.914926	0.942893
-2.23224	1.1976	0.764454
-1.93482	1.16329	0.525915
-0.941882	1.50499	-0.151983
-1.37939	1.36756	-0.083666
-0.343135	0.37041	-0.548959
0.379492	0.134809	-0.470873
0.509193	-0.053531	-0.539412
0.589181	0.031265	0.033206
0.286201	-0.599212	0.126338
0.307455	-0.841348	0.13295
0.832408	-1.0626	-0.191688
1.19994	-0.549271	-0.159489
1.96065	-0.812844	0.03009
1.62156	-1.46153	0.267194
2.35943	-1.10551	0.604044
2.78151	-1.52689	0.837225
2.97896	-0.601085	0.228801
2.57325	-1.71604	0.568348
-0.895247	0.291033	2.39314
1.65024	-0.654286	-1.80646
3.2234	0.074627	-1.2403
3.60996	-1.25077	-0.999989
3.18238	-0.012407	-1.1048
2.12792	-0.253036	-1.23356
2.96391	-0.296513	-0.718665
2.88224	-0.492521	-1.63616
3.19475	-0.34093	-1.09522
2.76041	-0.474079	-1.13181
2.58686	-0.109177	-1.01753
2.78197	-0.237289	-0.798367
2.35514	-0.264236	-0.598626
2.11109	-0.306676	-0.39696
1.94289	-0.146966	-0.279455
1.63217	-0.024356	-0.178981
1.38453	0.046897	-0.07417
1.01205	0.153436	0.011189
0.8471	0.433019	0.124907
0.556393	0.440908	0.02976
0.291141	0.525078	-0.039253
0.261805	0.684693	-0.101369
-0.148927	0.795574	-0.190146
-0.328908	1.04948	0.02983
-0.357667	1.0137	0.038429
-0.680179	1.07261	-0.082269
-0.612284	1.07928	-0.09789
-0.635306	0.955156	-0.134995
-0.776315	1.13159	-0.036
-0.961203	1.36167	-0.078144
-1.17819	1.0004	0.201354
-1.42842	0.952531	0.186148
-0.833868	0.701892	0.25042
-1.46789	0.826039	0.379494
-1.45245	0.447186	0.436927
-1.05075	0.526006	0.535302
-0.134801	1.35786	0.614666
-0.808345	0.212225	0.725884
-0.987085	-0.470629	0.145429
-0.709601	-0.180107	0.614285
-0.699673	-0.311159	0.376811
-0.355488	0.126554	0.309679
-0.193992	0.183649	0.206732
-0.084105	-0.355589	-0.281294
0.015513	0.029286	-0.182516
-0.160735	-0.067977	-0.390001
-0.619708	-0.364984	-0.194899
-0.141022	-0.141398	-0.270167
-0.349459	-0.187683	-0.103461
0.008938	-0.793233	-0.223899
0.29766	-0.84081	-0.370677
0.407183	-0.943599	-0.234919
0.065206	-1.27403	-0.134894
-0.239626	-1.06229	0.012666
-0.197649	-1.26423	0.016666
-0.363307	-0.884102	0.10681
-0.48649	-0.813427	0.275976
-0.191333	-1.01641	0.225141
-0.258466	-1.517	0.105159
0.022684	-1.38056	-0.021879
0.165985	-1.8472	-0.139147
0.382779	-2.1037	-0.174675
0.382606	-1.80233	-0.111913
0.524378	-2.00319	-0.262631
0.614533	-2.09139	-0.169177
0.865321	-1.83045	-0.300724
0.799609	-1.77922	-0.516268
0.880045	-2.07856	-0.563672
0.771293	-1.6211	-0.00612
0.820663	-1.87525	-0.447354
0.869152	-1.83042	-0.339802
1.16227	-1.61502	-0.337088
0.995191	-1.812	-0.353067
1.14673	-1.82027	-0.201516
1.26768	-1.59913	-0.157596
1.33555	-1.55331	-0.180611
1.25586	-1.60932	-0.131869
1.25719	-1.58961	-0.258495
1.41147	-1.56666	-0.214798
1.26965	-1.63334	-0.101424
1.41991	-1.61078	-0.347748
1.484	-1.56067	-0.426161
1.56247	-1.56196	-0.451803
1.68397	-1.642	-0.367141
1.38564	-1.46583	-0.273371
1.24421	-1.39376	-0.244263
1.1457	-1.36365	-0.25846
1.20741	-1.18631	-0.313694
1.17595	-1.01767	-0.378875
1.10817	-0.950304	-0.343556
1.00692	-0.911532	-0.473903
1.00549	-0.762067	-0.559055
0.953356	-0.76766	-0.521996
0.9227	-0.65884	-0.614717
1.01178	-0.555656	-0.609346
1.1075	-0.498563	-0.632764
1.12625	-0.424152	-0.632433
1.1218	-0.461557	-0.658415
1.17054	-0.253832	-0.613111
1.23728	-0.240463	-0.620238
1.20285	-0.221329	-0.536697
1.2618	-0.158755	-0.548924
1.19299	-0.076296	-0.527872
1.10696	0.012607	-0.502199
1.05485	-0.02694	-0.390323
1.0573	0.165113	-0.350362
0.970904	0.204503	-0.267313
0.861665	0.078303	-0.289735
0.801044	0.243908	-0.230805
0.726886	0.121107	-0.224447
0.56037	0.265935	-0.191864
0.579901	0.188698	-0.291009
0.533848	0.214603	-0.169868
0.359351	0.226127	-0.149372
0.31482	0.292249	-0.16969
0.264331	0.381889	-0.132653
0.138018	0.350004	-0.105181
-0.013318	0.304421	-0.187886
-0.089393	0.308769	-0.155751
-0.152631	0.27735	-0.154801
-0.296643	0.325363	-0.240089
-0.380083	0.294639	-0.114652
-0.479345	0.335763	-0.137793
-0.513568	0.223794	-0.134625
-0.640725	0.281448	-0.052535
-0.681783	0.233882	-0.006388
-0.830008	0.12876	0.051645
-0.850016	-0.020772	0.016281
-0.819421	0.040002	0.021509
-0.843159	0.122342	0.072312
-0.860995	-0.034269	0.058396
-0.86112	-0.013611	0.13796
-0.87328	-0.046226	0.140775
-0.844138	-0.066443	0.141164
-0.836047	-0.004908	0.072249
-0.856548	-0.224947	0.041744
-0.821994	-0.239179	0.061482
-0.759998	-0.188344	0.074171
-0.722788	-0.276054	0.101321
-0.748608	-0.155493	0.090181
-0.667026	-0.212351	0.119747
-0.616881	-0.161328	0.118196
-0.675252	-0.096321	0.140593
-0.654928	-0.098674	0.162967
-0.680568	-0.034308	0.130237
-0.640176	-0.058489	0.183826
-0.605602	0.003507	0.1393
-0.655205	0.000915	0.183424
-0.530812	-0.10448	0.21088
-0.613698	0.041552	0.08757
-0.54137	0.033751	0.165411
-0.560155	0.085673	0.097138
-0.550035	0.072617	0.07191
-0.531031	0.042926	-0.049034
-0.578887	0.097011	0.021588
-0.53372	0.138658	0.118531
-0.63648	0.259697	0.107677
-0.61969	0.315812	0.077643
-0.697531	0.308725	0.092853
-0.706977	0.311843	0.017245
-0.766164	0.32435	0.054106
-0.780712	0.227487	0.143858
-0.758967	0.302493	0.128102
-0.864178	0.334938	0.069304
-0.851047	0.409985	0.118091
-0.79457	0.396557	0.111776
-0.835341	0.33052	0.208619
-0.866846	0.445983	0.238077
-0.914281	0.419599	0.241003
-0.934856	0.477061	0.239687
-0.981393	0.571305	0.223732
-0.97963	0.420596	0.224728
-1.0022	0.456485	0.24968
-1.0382	0.491204	0.207917
-1.0609	0.510393	0.211325
-1.07918	0.463664	0.253254
-1.12983	0.536338	0.197087
-1.15896	0.469147	0.205787
-1.12169	0.481653	0.269745
-1.29103	0.555371	0.268967
-1.29493	0.415135	0.242038
-1.23701	0.416143	0.294502
-1.15384	0.301882	0.256081
-1.14051	0.398721	0.306366
-1.07534	0.36366	0.335183
-1.17497	0.416685	0.306697
-1.07917	0.389846	0.254288
-1.11893	0.347892	0.240282
-1.1027	0.33761	0.188227
-0.993682	0.405968	0.210441
-1.04086	0.350549	0.180134
-1.06887	0.489051	0.197716
-1.037	0.489226	0.148309
-1.00133	0.508406	0.23074
-0.95191	0.572713	0.179072
-1.05573	0.496897	0.137135
-0.933814	0.498002	0.131079
-0.999508	0.490335	0.184782
-0.912711	0.468774	0.111713
-0.830684	0.611248	0.160621
-0.872542	0.651449	0.164334
-0.932708	0.615075	0.143993
-0.793383	0.54007	0.135492
-0.75362	0.623411	0.167913
-0.701971	0.599422	0.169261
-0.608235	0.503054	0.158684
-0.612796	0.462917	0.085992
-0.583984	0.499304	0.176158
-0.531726	0.473572	0.129881
-0.624849	0.569493	0.203194
-0.603344	0.52637	0.173539
-0.654181	0.485637	0.155906
-0.440304	0.544119	0.174452
-0.483495	0.464603	0.068657
-0.428591	0.399324	0.008345
-0.345366	0.461061	0.007953
-0.377068	0.2582	0.014879
-0.385186	0.108984	0.036316
-0.410387	0.161125	-0.035616
-0.413424	0.108421	-0.016566
-0.5714	0.142063	-0.035921
-0.624098	0.039947	-0.043216
-0.448413	0.219104	0.169814
-0.239626	-0.200645	0.583779
-0.955114	-0.24448	0.384316
-1.86266	-0.340099	0.428759
-2.05301	-0.265969	0.355687
-1.83233	-0.370238	0.086182
-1.68744	-0.212904	0.022616
-1.53095	-0.137117	0.086007
-1.5353	-0.241923	0.206805
-1.79633	-0.416076	0.274978
-1.93907	-0.34171	0.108259
-1.6584	0.399412	0.053993
-0.7707	-0.452481	-0.031052
-2.26924	-1.35458	0.063616
-2.02145	-1.51911	-0.196236
-1.71992	-1.68209	-0.161208
-1.90171	-1.7777	0.085046
-2.00509	-2.04055	0.098831
-1.93688	-2.38201	0.134777
-1.88656	-2.8169	0.115709
-1.84182	-3.06289	0.094492
-1.70336	-3.64618	0.065593
-1.56192	-4.28065	0.043787
-1.38801	-4.46484	0.09165
-1.17769	-4.91364	0.091951
-0.968411	-5.13172	0.203172
-0.503331	-5.65268	0.213443
-0.28363	-5.92382	0.330302
-0.141033	-6.40125	0.337978
-0.067948	-6.9052	0.270817
-0.142425	-7.34651	0.052666
0.010317	-7.73557	-0.060344
0.186738	-8.14485	-0.216182
0.276057	-8.5435	-0.267244
0.276721	-9.04162	-0.325698
0.338036	-9.06328	-0.434976
0.215614	-9.05663	-0.340041
0.183313	-9.32407	-0.488106
0.039689	-9.82199	-0.847272
0.092883	-10.4823	-1.07034
0.03684	-10.514	-1.45442
0.48148	-10.8455	-1.381
0.532676	-11.2862	-1.31017
0.288185	-11.1613	-1.32099
0.338099	-11.4778	-1.43896
0.970733	-11.207	-0.63829
1.09968	-11.629	-0.985422
0.016424	-12.3483	-0.161268
2.31382	-11.6913	-1.40662
2.6681	-11.2456	0.265173
4.27924	-11.0321	-1.31082
4.4311	-11.5199	-0.954183
3.60552	-11.7837	0.477678
3.73503	-10.4457	-0.138325
4.4271	-10.3507	-0.759144
0.325403	-11.4258	0.006565
0.418366	-7.37315	5.27768
-1.20634	-7.11468	-2.02295
9.91593	-5.09581	-2.3709
-0.17899	-9.95319	2.27257
0.142816	-10.504	-0.750206
4.80687	-6.82499	0.566996
5.13316	-5.73425	0.394359
4.72479	-6.15099	2.23812
3.68795	-6.95073	2.6812
4.0456	-0.871221	-1.37862
4.88898	-1.30758	1.27724
1.4107	0.407247	-1.99213
3.18727	0.948811	-3.29995
6.13494	4.39786	-3.30525
4.23554	2.32794	-3.20294
1.77798	1.7803	-2.52808
4.00205	6.37886	-2.27482
4.15679	5.70137	-2.14637
2.25315	6.92607	0.132416
-3.59137	4.44927	-1.44482
2.8288	11.3007	-1.7076
0.900552	6.31786	-2.47114
0.087293	12.1326	-1.07242
-0.882864	11.513	-0.768833
0.403024	12.9581	1.41905
-0.718608	16.5621	0.617166
-0.199302	17.1639	1.18669
-0.637252	18.4166	0.619904
-0.45632	18.6321	0.20285
-1.90674	18.8931	0.329347
-2.27741	20.3097	0.919054
-2.40222	20.7822	1.4664
-2.81457	21.6742	2.06719
-3.12767	21.3461	2.27112
-3.32812	22.0582	2.64736
-3.63971	20.7663	2.54051
-2.59065	20.3846	1.59679
-2.91781	19.447	1.17971
-2.97012	18.3899	0.849753
-3.00575	17.4564	0.523593
-2.41396	16.2752	0.873865
-2.74886	16.1422	1.34145
-2.69224	15.952	2.42638
-2.73399	15.5096	3.2732
-2.63386	14.9023	3.62121
-3.02199	14.2101	3.87444
-3.20292	13.7306	3.7104
-3.32552	13.6016	3.23387
-3.52804	13.5176	2.4217
-3.36444	13.3882	1.97758
-3.42911	13.219	1.00434
-3.46036	12.8975	0.465549
-3.98167	13.0362	0.180601
-4.68333	12.7564	-0.518961
-5.19232	11.3716	-1.11983
-3.56916	11.0883	1.15608
-0.94515	9.37453	3.46544
-2.54144	8.85169	4.33731
-4.36039	8.19399	4.40944
-3.57942	5.6056	3.44469
-2.42347	4.84504	2.80779
-1.5604	5.14164	2.04127
-2.19668	6.52265	1.80069
-3.20699	7.65468	2.01772
-3.26514	9.9215	2.56294
-3.60266	11.3008	3.75942
-4.84692	9.43262	4.17341
-5.41559	10.244	1.82464
-2.52026	11.8068	-0.292488
-2.34206	10.6211	-2.23234
-2.62464	10.8493	-2.35978
-4.033	8.86833	-1.668
-3.42606	8.05337	-0.782615
-3.36003	8.10919	0.387206
-4.63974	10.1039	1.63035
-0.188395	9.01064	2.27411
-3.67859	7.39916	3.2331
-3.4798	5.99362	1.82261
-5.15348	8.49755	2.29944
0.225493	7.28174	1.78629
0.956413	17.1252	2.98089
1.69962	14.6824	2.8616
-4.33813	8.73865	-0.160653
2.28231	5.48436	1.75004
2.14398	10.3288	0.191925
-2.3992	7.01627	0.379067
-1.54039	14.8875	3.8457
5.49232	-13.1319	2.48927
4.1393	-4.82775	-1.02377
4.88242	0.651265	-2.22906
0.48761	4.00428	0.013645
2.06621	7.67512	-1.32523
3.40684	-0.620013	-1.28513
4.22398	11.0043	0.22117
3.85503	-1.09461	1.89099
2.41352	0.033426	-0.707658
2.25932	0.353417	-0.373657
1.87715	-1.92142	-0.312169
2.35863	-3.10784	-0.510706
1.76895	-3.77245	0.35924
1.69399	-4.91816	-0.716941
2.25132	-6.93572	-0.988473
2.58363	-8.20953	-0.873337
2.95767	-10.3186	-0.786545
3.27464	-11.35	-0.931627
3.79538	-13.4684	-1.16393
4.64592	-15.8097	-1.77177
5.20516	-17.0465	-2.1706
5.45653	-19.165	-2.36532
5.65774	-21.2319	-2.93571
6.25492	-23.2529	-2.82164
9.57013	-16.2322	-0.243198
6.5044	-21.614	-3.69118
5.37177	-23.8151	3.46123
5.67362	-23.8461	-1.21116
6.94802	-24.9072	-0.026455
5.30576	-27.1574	-0.485974
7.83142	-28.0992	-1.94297
8.0757	-28.8133	-3.32225
8.14883	-28.4305	-3.16718
7.18168	-30.147	-2.74942
6.61099	-31.1559	-2.94068
6.4408	-32.1754	-2.23652
6.31656	-32.5309	-1.17326
5.89357	-32.1191	-0.301675
5.16791	-31.0441	0.953268
4.58642	-29.924	1.4323
4.55008	-28.7798	1.11864
3.90027	-27.3786	0.220578
3.55905	-26.4053	-1.32668
2.81867	-24.7884	-3.42019
2.30819	-22.7449	-5.35359
1.6868	-20.5374	-7.93182
1.06612	-17.5851	-8.94933
2.96435	-15.9699	-5.42196
3.21914	-14.6345	-1.63196
2.8242	-13.6307	0.600836
3.70398	-12.1698	1.81068
3.56061	-12.3835	1.45918
2.4463	-11.5755	0.966244
1.92321	-10.9671	-0.874235
2.50361	-11.8375	-0.32206
2.66988	-11.5979	0.400865
2.98038	-10.9596	0.968631
2.33818	-11.0613	1.12518
2.10546	-10.9072	0.984916
1.70898	-10.0973	0.807303
1.09695	-10.6045	1.01111
0.990696	-9.45256	0.906486
0.918325	-8.06345	1.29482
1.20968	-7.40678	1.27431
1.26161	-4.73755	1.10849
1.56762	-3.90081	0.854795
1.54331	-5.82954	0.481294
1.42281	-3.02656	0.587064
1.2034	-3.95553	0.008101
1.6436	-3.04652	0.50218
1.6639	-3.35644	-0.256666
2.00483	-2.86131	-0.943841
1.92988	-1.97721	-1.02058
2.10363	-1.88716	-1.25353
2.32761	-2.43949	-1.49649
2.39465	-1.08828	-1.37794
2.15147	0.146445	-1.39643
2.33781	3.44328	-1.37462
0.702263	5.19146	-1.15172
2.03765	5.41172	0.081514
5.41895	4.74991	-0.481574
-6.97829	14.9771	0.253723
2.99464	14.173	0.194326
3.16641	8.09131	-1.88909
-3.76254	4.62259	-1.06346
-5.30439	9.96752	5.88863
-7.14002	18.5833	1.88121
8.91567	11.7798	-1.01269
0.822326	11.7108	-1.96431
3.16299	10.8248	-1.60208
9.43127	18.8618	0.13689
2.42031	15.3203	1.01574
0.244583	17.9722	1.49397
-0.666786	19.0974	-0.674633
2.91678	20.8524	-0.218836
1.59881	20.819	0.722356
0.370439	20.2504	1.21721
1.29836	21.5401	1.81649
1.21732	21.2181	2.18498
1.41786	22.0527	2.38124
-0.893603	15.8321	4.61437
-3.79201	34.7535	2.929
0.384613	31.3817	2.83479
-1.48191	27.256	4.61552
-3.38228	23.4306	2.39336
0.152431	19.712	1.32306
-2.91842	24.4301	3.42107
-4.25906	23.7664	3.55969
-1.26269	20.0731	2.75403
-2.34388	21.9012	4.1001
-6.59526	20.7136	1.34992
3.54355	26.3069	0.566395
-9.78204	11.7656	6.13955
-21.3638	9.25451	5.72857
-2.04727	22.6396	8.52173
-6.94813	13.9694	1.16939
-6.9526	16.6592	1.5659
-5.95972	11.3601	-1.45723
-6.55945	15.5035	0.489391
-4.89673	14.1646	3.9331
-6.53988	14.5007	3.58943
-7.52981	13.894	3.50141
-7.61465	12.7093	3.10388
-4.05769	10.8138	5.49695
-4.76681	11.7749	6.97849
-2.45274	10.4098	5.9206
-3.01488	9.32509	3.58476
-1.71616	7.84394	2.68757
-0.756553	8.25477	1.86523
-0.974599	5.72484	1.17086
0.674305	8.48198	0.947542
1.04923	9.71591	1.4883
0.878347	7.53032	1.37643
1.50309	9.55779	0.811444
3.04411	11.0304	0.69392
-1.22155	13.2076	2.25858
-3.68101	10.0338	1.72171
-3.48235	9.92165	1.89894
-1.48158	12.5386	3.52224
0.474381	12.8142	2.25712
-6.24899	10.2389	3.5264
-8.85963	7.27359	4.57667
1.50213	5.35328	-1.53704
1.75882	-2.98021	-1.6331
2.99005	3.98034	-0.383776
4.02859	1.68227	-1.70261
1.93852	4.4998	1.11493
0.603191	-3.75016	-0.169491
0.79954	-0.375384	-0.51863
3.07558	-2.93003	0.794397
5.22647	0.869259	-0.510572
4.17385	-1.33063	-0.407832
2.80998	-0.353458	0.058496
6.25822	-1.06784	-1.82747
6.58397	3.31591	-3.94906
5.99583	-1.81785	-0.390308
8.64263	-2.4576	-3.34518
-0.121885	-4.01647	-3.06522
0.958008	-4.43915	-0.394736
3.42678	-3.1988	1.05847
1.45796	-6.44464	-1.05622
0.758985	-3.29069	0.802427
2.72291	-5.23323	-1.50626
1.39369	-6.04483	-1.27334
1.58719	-7.36963	-1.57003
2.35283	-8.47273	-1.30112
2.94644	-9.70136	-0.610598
2.9055	-10.7746	-0.779454
3.03056	-12.2163	-0.333875
3.09772	-12.7955	-0.625772
2.83438	-14.2236	-1.15301
3.34014	-14.7042	-1.04509
3.63137	-15.2648	-1.05629
3.82824	-16.654	-1.01059
3.37044	-18.7469	-1.12009
3.39072	-20.1215	-1.14828
3.51854	-21.1059	-1.1671
3.35242	-22.8856	-1.39919
3.0784	-24.0703	-1.33472
3.23803	-25.3419	-0.964162
3.60874	-27.2886	-0.65866
3.83829	-27.8102	-0.138099
4.07252	-28.0138	0.025197
4.93911	-28.3095	-0.269213
5.51814	-28.0882	0.837233
4.37071	-27.6885	1.61299
4.34997	-26.7232	1.06672
4.71941	-26.5847	1.11426
3.71055	-24.6747	0.203857
3.473	-22.8728	-0.194132
4.36238	-22.185	-2.37856
4.71093	-20.1609	-3.21459
4.96833	-20.3683	-5.63826
3.78264	-19.0769	-8.12394
5.01967	-16.8058	-7.86999
7.6187	-15.3789	-3.99013
6.04275	-12.875	-1.57352
4.97548	-13.3529	-0.893369
5.03848	-13.2565	-0.515195
3.88846	-12.3701	-0.692716
2.37677	-12.4737	-1.25637
2.24619	-11.6486	-1.32176
2.11792	-11.1216	0.291576
1.71018	-10.4347	0.850921
2.11524	-10.0605	1.35029
1.56152	-8.85498	1.39945
1.4007	-8.01289	1.09424
1.23106	-7.42671	0.66193
1.14299	-6.54643	0.481541
2.19314	-6.20113	1.03645
0.575359	-4.05034	-0.334147
1.09171	-3.04489	0.537215
0.630958	-3.38742	0.85085
-0.43878	-3.13815	0.853281
0.19405	-3.00435	0.611679
-0.683861	-1.98378	0.964068
-1.21424	-1.51179	0.35604
-1.11963	-1.25135	1.0221
-0.400359	0.529596	0.42849
0.025499	-0.031585	0.814306
1.63915	0.678836	0.423847
3.67835	-0.517724	-0.191753
1.34232	6.83143	-1.83914
4.93453	9.74613	-0.427175
10.0814	5.12983	-2.3839
-7.05092	1.70837	-0.206476
3.16609	7.07232	0.087369
-4.54052	9.51459	1.99868
1.78596	16.1859	2.31499
0.172747	9.44583	4.57352
-9.26868	11.0793	2.52877
0.734543	1.78322	2.98793
-0.653677	1.77519	3.8257
-2.70837	0.92378	2.43745
-0.081851	9.92181	0.172385
-1.18863	11.3498	-0.667454
5.07606	13.2037	0.082922
0.868329	14.8957	-1.01599
-0.031899	15.2799	-0.196692
0.123633	16.4683	0.680709
0.436871	16.9752	0.77303
-0.233986	16.2308	1.23322
-3.00103	10.3789	2.23232
-3.06824	19.0945	0.649212
2.05733	14.9852	0.273518
-0.532373	15.6623	1.80077
-2.38638	16.9345	1.44269
-0.571861	14.1887	1.43877
0.272037	14.7676	2.03534
-0.899371	15.1306	1.28767
-0.877421	15.1339	1.45429
-0.802759	15.5845	1.33066
-1.28722	15.6661	1.63635
-1.39392	15.3078	2.149
-1.7581	15.0101	2.324
-1.81432	15.2443	2.55613
-1.68308	14.9024	2.60207
-1.66523	14.2905	3.0764
-1.50481	14.1101	2.79806
-1.75875	13.6249	2.21586
-2.29555	13.5122	1.72885
-4.20642	13.9975	-0.614418
4.27355	16.2253	0.531225
-4.86065	12.8856	3.61852
-2.50681	12.343	2.48198
-3.39629	12.757	3.63375
-3.33592	7.32129	1.63428
-2.66302	9.46765	1.05806
-3.14728	9.49408	1.07819
-2.93506	8.97131	1.83805
-2.87978	9.32313	2.26549
-3.27471	9.66339	2.46877
-4.17645	9.69846	1.69762
-3.94893	9.94501	1.03656
-2.79241	9.45187	1.1623
-0.175062	9.16807	2.81489
-0.579096	9.16349	3.59802
-1.8904	9.28853	3.75977
-1.97609	8.03704	3.25053
-0.993883	6.50227	2.28923
-1.24406	4.99794	1.97965
-2.691	8.31284	0.625096
0.02272	9.64231	1.28786
-1.79603	4.35833	1.52871
-1.40641	5.74144	1.19984
-2.78398	4.80104	1.41943
-1.79399	6.05421	0.618464
3.65422	12.7812	0.373988
-4.71593	3.79605	0.680955
0.257518	-1.98954	-1.62478
-4.81188	4.96441	1.21494
-0.356922	3.9957	1.20642
-0.493277	3.12469	1.32726
-0.599689	3.05206	0.911235
1.35214	0.768406	0.166866
-1.21625	3.47988	-0.446579
-0.220498	-1.20685	-0.865893
-1.93868	-0.434595	-0.780883
0.449157	3.68372	-1.90094
1.58352	-2.01611	-0.487471
3.4455	0.962319	0.253237
-0.200915	4.52636	-0.737904
2.40267	-4.20483	-0.170208
0.369699	3.93434	-0.581869
4.09761	-1.02635	-2.25099
1.79976	0.2478	-1.38134
2.36934	-0.271554	-1.58011
1.42654	-0.076289	-1.01455
1.7941	-2.33491	-0.839288
0.226194	-2.54326	-1.21013
0.625174	-2.84763	-0.484085
1.22958	-2.89119	-0.356866
0.572182	-3.64979	-0.406317
1.06205	-3.02926	-0.434011
1.68434	7.91156	1.24275
-3.82153	5.57978	-1.04541
-2.15964	-7.52839	2.15232
3.01708	-6.10491	0.053948
0.214952	-6.12415	-0.184611
3.12275	-3.91744	0.899355
1.14302	-7.11333	-1.69685
-0.940498	-7.6305	-1.87058
2.73585	-7.43193	-0.584343
1.66133	-6.1733	-2.33158
0.248996	-5.85282	-1.58049
1.42369	-7.00572	-0.345637
0.306753	-7.61976	-1.3022
1.16968	-8.59792	-1.21216
1.77015	-10.0465	-1.13178
0.622738	-10.0867	-1.25704
0.897448	-10.7742	-0.413078
0.768685	-11.1335	-0.246809
0.886512	-10.8587	0.097768
0.851524	-10.5099	-0.153887
0.8598	-10.5371	-0.265169
0.848651	-10.1693	-0.519455
1.39509	-9.96801	-0.801066
0.950875	-9.53991	-0.859853
1.71032	-9.45976	-0.818782
1.46898	-8.9787	-0.844509
1.65992	-8.8679	-0.881179
1.80749	-8.68722	-0.837743
1.6483	-8.26924	-0.946297
1.53815	-8.13815	-0.94311
1.62488	-7.78649	-0.849475
1.66183	-7.60835	-0.652064
1.59773	-7.38998	-0.650783
1.41016	-7.08028	-0.608306
1.4367	-6.66475	-0.758038
1.25012	-6.50357	-0.775531
0.93656	-6.36458	-0.853243
1.08703	-5.54786	-0.431559
1.12692	-4.91051	-0.005142
1.14703	-4.73567	0.145717
1.22846	-4.17781	0.050052
1.24994	-3.91523	-0.119877
1.33997	-3.22217	-0.340092
1.25405	-2.70353	-0.704461
1.19078	-2.10907	-0.973244
1.13723	-1.54683	-1.02407
1.08944	-1.22451	-1.07264
0.913321	-0.76743	-1.04948
0.861249	-0.468993	-0.906776
0.822683	-0.065206	-0.654103
0.703295	0.174811	-0.545249
0.624585	0.245721	-0.51796
0.458816	0.381344	-0.294402
0.339104	0.568718	-0.209902
0.287113	0.602707	-0.080012
0.106661	0.887124	0.071256
0.246833	1.09966	0.37093
0.081225	1.33466	0.430632
0.00425	1.4763	0.485528
-0.255346	1.4658	0.485053
-0.209377	1.85238	0.412953
-0.319311	2.1456	0.328672
-0.409541	2.17237	0.35929
-0.673037	2.39277	0.408724
-0.712104	2.40736	0.376854
-0.878351	2.50487	0.399833
-0.758384	2.36102	0.322082
-0.904098	2.35769	0.427098
-0.733011	2.26949	0.249746
-0.78463	2.37784	0.371352
-0.892697	2.03291	0.323797
-0.839582	1.91786	0.506471
-0.753008	1.83972	0.365895
-0.738688	1.90836	0.445492
-0.627077	2.05673	0.386526
-0.85907	2.01717	0.432813
-0.792668	1.93155	0.460329
-0.958146	1.79757	0.234298
-0.882619	1.75717	0.379815
-0.850737	1.53896	0.304717
-0.793595	1.48914	0.356951
-0.802483	1.38055	0.329686
-0.744629	1.30408	0.324523
-0.845008	1.24456	0.31448
-0.787878	1.15651	0.33821
-0.731773	1.1245	0.325939
-0.870566	1.00627	0.206633
-0.911864	1.10216	0.251631
-0.951207	1.02434	0.24408
-0.924046	0.948688	0.148366
-0.844641	1.00921	0.186773
-0.938254	1.02335	0.096044
-0.905455	0.954742	0.115399
-0.994908	0.946172	0.161117
-1.02284	0.85412	0.168178
-0.901864	0.904662	0.1396
-0.93613	0.863274	0.231079
-0.85622	0.828086	0.265041
-0.781443	0.76825	0.298959
-0.829795	0.653788	0.194093
-0.701246	0.742898	0.192003
-0.654371	0.588334	0.175617
-0.61612	0.744431	0.171255
-0.544782	0.488959	0.121454
-0.50918	0.603311	0.145746
-0.466131	0.570008	0.225367
-0.492323	0.484842	0.21164
-0.440584	0.511991	0.169228
-0.434694	0.465145	0.131649
-0.353389	0.340086	0.115788
-0.36343	0.406801	0.064032
-0.323967	0.390284	0.048305
-0.34609	0.35438	0.046868
-0.361489	0.428579	0.088551
-0.396208	0.340393	0.068012
-0.414783	0.40077	0.083431
-0.499976	0.492051	0.158663
-0.541741	0.352328	0.133394
-0.47196	0.470245	0.134425
-0.494828	0.397301	0.140253
-0.476073	0.420367	0.0887
-0.447646	0.267296	0.032434
-0.384026	0.248313	0.004929
-0.249657	0.272512	0.018192
-0.142004	0.177531	0.03869
-0.132421	0.087884	-0.024622
-0.074977	0.070191	-0.037652
0.022964	-0.130914	-0.009891
0.139706	-0.192577	-0.044362
0.220712	-0.170681	-0.145956
0.251494	-0.191682	-0.221218
0.289769	-0.360734	-0.152786
0.335366	-0.314035	-0.21849
0.39577	-0.504035	-0.190801
0.441713	-0.471208	-0.206237
0.454198	-0.435735	-0.226476
0.548903	-0.575351	-0.141413
0.475131	-0.626887	-0.276818
0.573215	-0.541817	-0.278094
0.532864	-0.588684	-0.226738
0.565075	-0.590556	-0.326347
0.578289	-0.62625	-0.253567
0.52491	-0.504938	-0.334179
0.595692	-0.563503	-0.333385
0.574165	-0.412685	-0.191435
0.531612	-0.445035	-0.281914
0.603981	-0.298843	-0.16891
0.58515	-0.272927	-0.199647
0.578172	-0.293227	-0.220864
0.561496	-0.204349	-0.213422
0.535353	-0.133013	-0.206048
0.629644	-0.110493	-0.119732
0.528701	-0.059946	-0.191574
0.659537	0.028238	-0.198797
0.705863	0.194121	-0.182165
0.774387	0.263276	-0.112938
0.714492	0.274591	-0.163512
0.826786	0.285287	-0.118338
0.696478	0.503908	-0.200175
0.724615	0.440076	-0.128732
0.711969	0.435993	-0.196218
0.73024	0.555534	-0.165581
0.700927	0.571848	-0.166115
0.669965	0.75398	-0.142868
0.611308	0.709945	-0.086007
0.476547	0.692569	-0.077034
0.472199	0.683307	-0.003339
0.394456	0.784168	-0.054204
0.313207	0.658611	0.007567
0.279996	0.720142	-0.002494
0.232502	0.67537	-0.007848
0.185642	0.63151	-0.051456
0.127382	0.679524	0.065466
0.076531	0.672196	0.048239
0.126085	0.636928	0.100537
0.072563	0.693079	0.047492
0.085396	0.672636	0.05673
0.098641	0.649272	0.053939
0.12342	0.682432	-0.015779
0.098143	0.731999	0.003084
0.075752	0.740592	-0.006828
0.158324	0.591989	-0.021443
0.080485	0.681335	-0.052749
0.15816	0.613537	0.014226
0.202113	0.550961	-0.021738
0.191253	0.531568	-0.031358
0.228204	0.491272	0.00938
0.171713	0.482747	-0.043229
0.170461	0.433937	-0.100592
0.202911	0.280448	-0.098017
0.175597	0.368898	-0.045147
0.191557	0.270705	-0.080881
0.188467	0.222913	-0.083078
0.199937	0.158929	-0.027747
0.175784	0.164451	-0.082589
0.187467	0.191214	-0.099137
0.21102	0.110368	-0.074954
0.144001	0.192202	0.013868
0.175327	0.23555	-0.132041
0.173014	0.159443	-0.050397
0.237267	0.162079	-0.009485
0.208264	0.195664	-0.112296
0.198185	0.197973	-0.107339
0.17366	0.269238	-0.073687
0.127843	0.225681	-0.04721
0.148734	0.220353	-0.032712
0.105128	0.293742	-0.04459
0.169429	0.317284	-0.125887
0.169336	0.335914	-0.061107
0.145387	0.247138	-0.05378
0.052468	0.225873	-0.106296
-0.023336	0.197516	-0.067806
0.025308	0.202699	-0.093978
0.019075	0.231872	-0.069859
-0.025261	0.251327	-0.084078
0.026229	0.184967	-0.038388
-0.110594	0.183435	0.009683
-0.237416	0.124942	-0.093099
-0.241888	-0.000224	-0.013835
-0.300756	-0.019968	0.017511
-0.373912	0.003174	-0.063735
-0.406203	-0.198358	0.034674
-0.447933	-0.189298	-0.075307
-0.448413	-0.261402	-0.058353
-0.551257	-0.261783	-0.007899
-0.565393	-0.329146	0.016203
-0.603039	-0.344036	0.006736
-0.592844	-0.380085	0.004483
-0.635279	-0.433342	-0.028952
-0.584881	-0.515665	-0.002529
-0.656575	-0.464455	-0.026454
-0.666505	-0.38269	-0.055205
-0.617134	-0.440444	0.011812
-0.577774	-0.45258	-0.02893
-0.55778	-0.448062	-0.048121
-0.538138	-0.370092	-0.012277
-0.499483	-0.378808	-0.05311
-0.470585	-0.335235	-0.058044
-0.451622	-0.426034	-0.041431
-0.473476	-0.213819	-0.044063
-0.445143	-0.303169	-0.037102
-0.408273	-0.292223	-0.070837
-0.361982	-0.262885	-0.020802
-0.323306	-0.214751	-0.047422
-0.258581	-0.126542	-0.047735
-0.268254	-0.141312	-0.071993
-0.289996	-0.101367	-0.101069
-0.19262	0.002803	-0.051119
-0.200428	-0.017737	-0.058673
-0.246769	0.014319	0.015205
-0.14508	0.034138	-0.06181
-0.170259	0.068204	-0.026274
-0.178586	0.044845	-0.021872
-0.211002	0.164644	-0.005538
-0.24539	0.047808	-0.017923
-0.210818	0.18428	0.01996
-0.247942	0.196295	0.031493
-0.247121	0.234487	0.071767
-0.224885	0.418099	0.09043
-0.238773	0.193419	0.042147
-0.228873	0.379985	0.036916
-0.200456	0.346737	0.096424
-0.277436	0.483258	0.057707
-0.296856	0.492918	0.105212
-0.24737	0.505186	0.133597
-0.307707	0.522157	0.157165
-0.320459	0.64663	0.132823
-0.344849	0.657886	0.13475
-0.347657	0.624737	0.143955
-0.324972	0.663917	0.136472
-0.340321	0.574534	0.121857
-0.291758	0.7344	0.095315
-0.305576	0.736746	0.095169
-0.224312	0.724022	0.08301
-0.191713	0.696481	0.027952
-0.178259	0.680717	0.004004
-0.170018	0.661129	0.054407
-0.035062	0.630069	0.004271
-0.089312	0.662049	-0.012265
-0.022054	0.574773	0.011981
-0.045412	0.600193	-0.040422
0.01219	0.588501	0.024656
0.01451	0.3999	0.005943
0.045605	0.469595	0.02791
0.033469	0.408421	-0.065008
0.073901	0.367024	0.064864
0.076072	0.285155	0.015127
0.142838	0.304111	-0.094471
0.051742	0.079096	-0.081902
0.116222	0.062661	-0.088478
0.097021	-0.027791	-0.04475
0.142446	-0.055926	-0.125562
0.142562	-0.046103	-0.105825
0.202528	-0.131841	-0.088469
0.214741	-0.150607	-0.123821
0.220123	-0.21249	-0.154398
0.213862	-0.222005	-0.187409
0.224489	-0.310473	-0.160547
0.326151	-0.291405	-0.162448
0.349138	-0.298961	-0.128461
0.305779	-0.295351	-0.195156
0.351467	-0.244358	-0.103833
0.459077	-0.270298	-0.120302
0.464072	-0.255928	-0.127233
0.519674	-0.266019	-0.191696
0.568081	-0.31195	-0.203464
0.580675	-0.200734	-0.172198
0.59324	-0.16164	-0.176878
0.651616	-0.227941	-0.217493
0.698079	-0.151354	-0.229435
0.643971	-0.175197	-0.236573
0.686187	-0.022501	-0.260548
0.663899	-0.040287	-0.282166
0.620515	-0.031386	-0.265447
0.548738	0.003355	-0.255966
0.525956	0.090506	-0.189052
0.444045	-0.06615	-0.229893
0.405724	0.004423	-0.265984
0.315257	-0.011129	-0.237417
0.278198	0.021082	-0.165769
0.146064	-0.054321	-0.067787
0.114746	0.063821	-0.039306
0.045285	-0.107151	-0.087415
-0.052291	0.037388	-0.011058
-0.018133	-0.038101	-0.018502
-0.124958	0.025032	0.007549
-0.104774	-0.062421	0.014458
-0.16127	-0.056467	-0.050487
-0.220055	-0.009927	0.033042
-0.212046	0.038879	-0.067852
-0.196864	-0.067752	-0.029816
-0.203246	0.036272	-0.054065
-0.212121	0.044466	0.003116
-0.254551	-0.014236	-0.05705
-0.253772	0.082491	-0.031021
-0.181627	0.064268	0.038133
-0.276753	0.077132	-0.005299
-0.240438	0.152009	-0.034376
-0.216038	-0.047847	-0.015498
-0.258692	-0.022713	0.022521
-0.258692	7.84727e-44	0.022521
