0.042141	-0.034377	-0.068158
0.070735	-0.039174	0.020311
0.015653	0.032577	-0.092123
0.075456	-0.056006	-0.046735
0.049006	0.01563	-0.125609
0.013045	-0.025221	-0.075177
0.110995	-0.080497	0.049347
0.053242	0.079663	-0.017609
0.031555	-0.112022	-0.051171
0.069662	-0.002132	-0.063011
0.031057	0.059841	-0.072508
0.061922	0.002178	-0.034243
0.025907	0.00678	-0.098761
0.061657	0.020995	-0.029294
0.03744	0.073402	-0.038793
0.066148	-0.072748	-0.08666
0.039829	-0.077647	-0.115232
0.013501	-0.034642	-0.069576
0.051727	-0.037127	-0.043214
0.068229	0.079939	0.014357
0.044219	0.017594	-0.023932
0.053632	0.027048	-0.06466
-0.018078	-0.025602	-0.033428
0.025131	-0.035179	-0.114762
0.051594	-0.00887	-0.059504
0.082805	-0.071099	-0.100193
0.013666	-0.10687	-0.054551
0.088088	0.010505	-0.061578
-0.004961	-0.046848	-0.0925
0.107664	-0.068457	-0.123505
0.090996	-0.137732	-0.001488
0.083904	-0.094548	-0.078125
0.007415	-0.060928	0.000957
0.055469	-0.060835	-0.027739
0.065126	-0.079944	-0.046886
0.053164	0.037383	-0.061206
0.060471	-0.113383	-0.020515
0.022265	-0.041487	-0.034824
0.043796	-0.063017	0.005834
0.089365	-0.067775	-0.046828
0.077425	-0.072509	-0.054049
0.04151	-0.043722	0.032121
0.055753	0.075889	0.001032
0.089204	-0.051068	-0.011
0.081917	-0.065469	0.020067
0.074563	-0.046338	-0.013604
0.098438	-0.060744	-0.042376
0.069611	-0.027296	-0.044759
0.086143	0.01572	-0.008954
0.04996	-0.060952	0.050689
0.064029	0.001233	0.074435
0.061465	-0.042017	-0.016577
0.082559	0.082188	0.031269
0.056022	-0.054415	0.012018
0.074967	-0.006643	0.019139
0.045975	0.067479	0.026219
0.093556	0.031271	-0.038423
0.076586	-0.019053	0.011695
0.10498	0.009484	0.016378
0.028283	-0.10054	-0.017397
0.02823	0.016691	-0.077168
0.099906	-0.026571	-0.103504
0.085478	-0.021807	-0.050841
0.008859	0.052292	-0.060211
0.0257	-0.057881	-0.060129
0.018536	-0.067446	-0.074495
0.01618	0.006778	-0.024133
0.061558	0.025775	-0.055195
0.006586	-0.010184	-0.074194
0.035522	-0.069905	-0.062207
0.014041	-0.007613	-0.06695
0.064434	0.042693	-0.078835
0.007284	-0.06249	-0.069159
0.036212	-0.088694	-0.05717
0.012385	-0.040654	-0.018895
0.055698	-0.076397	-0.028495
0.055803	-0.069042	-0.016628
0.031809	0.00752	-0.050104
0.046427	-0.138373	-0.021364
0.077631	-0.095189	-0.042938
0.010752	-0.032847	-0.023678
-0.005753	-0.051857	-0.035575
0.054222	-0.090034	-0.059601
-0.000758	-0.039575	-0.009402
0.02325	-0.039454	-0.002309
0.035145	-0.005865	0.052618
0.018493	-0.053581	-0.00019
0.123681	-0.060709	0.021091
-0.000641	-0.144249	-0.048497
0.071233	-0.115311	-0.000823
0.032885	-0.09607	-0.00335
0.047221	-0.055403	-0.034461
0.027916	0.004265	-0.008001
0.037482	-0.046084	-0.04148
0.006544	-0.060355	-0.043794
0.035156	-0.003059	-0.053273
0.015938	0.092551	-0.045907
0.056656	-0.027219	-0.074621
0.047026	0.008748	0.025865
0.03753	-0.067745	-0.01495
0.085402	-0.012713	-0.029284
0.090166	0.003982	-0.055564
0.037494	-0.10369	-0.019753
0.097249	-0.074916	-0.019924
0.099376	0.059028	-0.017581
0.063395	-0.048861	-0.060605
0.017973	0.001284	-0.093857
0.022746	0.048984	-0.048117
0.039254	0.127758	-0.033683
0.024787	-0.01122	-0.019331
0.082037	0.034184	0.028461
0.029383	-0.032807	-0.060206
0.019755	-0.020769	0.023488
0.038994	-0.09006	-0.014955
0.077199	-0.011078	-0.041353
0.072218	0.036772	0.011202
0.034002	-0.152292	-0.022402
0.019641	-0.075635	-0.005647
0.053016	0.019985	-0.007976
0.026681	-0.080646	-0.003123
0.088687	-0.032885	-0.03915
-0.016704	-0.06394	0.02301
0.035864	0.026856	-0.077434
-0.016926	0.021989	-0.010382
-8.5e-05	-0.05462	-0.027109
0.064448	0.07931	-0.017424
0.047455	-0.004622	0.004029
0.018591	-0.01907	-0.017559
0.023431	-0.162701	-0.111001
0.05682	-0.090924	-0.024835
0.068575	-0.095745	0.003714
0.061316	-0.081443	-0.039387
0.089746	0.006899	-0.017808
0.077487	0.040223	0.051611
0.012761	-0.074723	0.010813
0.015011	-0.007833	-0.044207
0.010016	0.001611	0.003652
0.040999	0.030172	-0.034601
0.045636	-0.077695	-0.022672
0.074121	-0.051375	-0.006141
0.066663	0.025084	-0.022961
0.032928	-0.008634	-0.032517
0.027939	-0.011166	-0.022972
0.018334	-0.051927	-0.075627
0.070724	0.005307	-0.015755
0.053803	-0.071427	-0.025378
0.032133	0.028996	-0.001337
0.077388	0.019186	-0.006097
0.053344	0.04053	-0.056223
0.045972	-0.029172	-0.063291
0.021922	-0.024452	-0.024987
0.050493	0.025641	-0.036883
0.06708	0.058885	-0.046286
0.031122	0.020362	-0.105937
0.02852	-0.058695	-0.000745
0.071588	-0.068244	-0.04873
0.03797	-0.00844	-0.065496
0.047533	0.0058	-0.034215
0.080778	0.034456	0.023073
0.090282	0.007978	-0.041504
0.047247	-0.071034	-0.053431
0.08079	-0.049442	-0.034303
0.056897	-0.008649	-0.012786
0.03773	-0.00147	0.027928
0.040302	-0.092212	0.003822
0.016402	-0.01073	-0.039301
-0.002526	-0.015354	-0.020108
0.026294	0.008646	-0.029665
0.01451	-0.101199	0.022811
0.060081	-0.060271	0.015423
0.014831	-0.110125	0.039079
0.070138	-0.114704	0.012698
0.103578	-0.035662	-0.037699
0.017456	0.014733	0.000598
0.048644	-0.013918	0.014912
0.06537	-0.025903	0.038831
0.041407	0.012369	-0.032969
0.015031	0.033845	-0.004159
0.074867	-0.052326	-0.016239
0.043835	-0.018787	-0.083205
0.072574	-0.107288	-0.042634
0.036636	-0.033044	-0.025882
0.036678	-0.06654	-0.042645
0.031835	-0.032994	0.005177
0.086858	-0.085653	-0.014088
0.055603	-0.047453	0.007496
0.10583	-0.128875	-0.033302
0.041068	0.021832	-0.049942
0.076956	-0.04294	-0.085769
0.10068	0.035883	-0.054603
0.028885	-0.016866	-0.080814
0.0194	-0.028837	-0.044797
0.060122	-0.06236	-0.063959
0.064825	-0.052709	0.012501
0.07191	0.028694	0.000458
0.028752	0.083689	-0.030613
0.064725	-0.076747	-0.035391
0.093426	-0.040921	-0.10716
0.038464	-0.062402	-0.080777
0.105441	0.009221	-0.056625
0.028874	-0.031442	0.015234
0.031404	-0.012249	-0.039752
0.055437	-0.000325	-0.087501
0.055568	-0.057586	-0.008609
0.012605	-0.031113	-0.008613
-0.001628	-0.028586	-0.006243
0.065523	-0.057241	-0.068526
-0.010979	0.019424	-0.07081
0.003431	0.045723	-0.020411
0.072897	-0.042904	-0.041943
0.03699	-0.038143	-0.027515
0.010825	-0.17683	-0.04198
0.034935	-0.109699	-0.046693
0.025421	0.007563	-0.06806
0.001475	-0.052285	0.013338
-0.003243	-0.04023	-0.010636
0.001702	-0.023422	-0.022504
0.0138	-0.061615	-0.041698
0.040189	-0.09744	-0.041779
0.04963	-0.020817	-0.005977
0.068612	-0.035179	0.017777
0.058866	-0.071142	0.010465
0.073107	-0.028018	0.022288
0.094324	-0.023316	0.019651
0.084573	-0.097463	0.050481
0.067609	-0.023407	-0.030918
0.017288	-0.042604	-0.026105
0.07689	-0.037876	0.007216
0.0217	-0.006847	-0.014314
0.031058	0.007399	0.009563
0.040604	-0.040594	-0.076576
0.009451	-0.035786	0.055107
0.021118	0.083661	-0.035842
0.066401	0.033207	0.01682
0.066285	-0.076902	0.004644
0.075671	0.054672	-0.004948
0.056416	-0.048461	-0.076711
0.104281	-0.086777	-0.045618
0.032393	-0.067614	-0.028895
0.046682	0.025627	-0.052722
0.039532	-0.125174	-0.024052
0.087234	-0.079677	-0.002695
0.103863	-0.027192	-0.050474
0.048666	-0.024942	-0.050408
0.053248	-0.015379	0.030825
0.031513	0.046733	-0.036223
0.002823	-0.087253	-0.01718
0.053129	-0.010784	-0.115148
0.038702	-0.0395	-0.00267
0.02649	0.034585	-0.014691
0.081493	-0.018116	-0.014765
-0.021414	-0.01093	-0.057794
0.059916	0.005683	-0.067286
0.050264	0.007997	-0.024148
0.030983	0.005462	-0.012125
0.105222	-0.054359	-0.026569
0.02386	-0.04958	-0.083963
0.023841	0.038891	-0.050271
0.047707	-0.035442	-0.03348
0.071566	-0.028422	-0.071689
0.059567	-0.030909	-0.062018
0.047483	-0.016572	-0.00461
0.057059	-0.107538	-0.016646
0.023554	-0.050017	0.002491
0.0977	-0.038095	-0.033474
0.109344	-0.028701	-0.04556
0.066216	-0.062246	-0.043168
0.027855	-0.014303	0.011825
0.137855	-0.038343	-0.009796
0.068253	-0.098181	0.025928
0.022766	-0.007185	0.011596
0.084831	-0.016888	0.021114
0.03217	-0.074222	0.00659
0.001004	-0.014311	0.00412
0.08463	0.002393	0.018357
0.058171	0.018944	-0.053343
0.041184	0.013997	-0.019845
0.038792	-0.005193	-0.024596
0.081883	-0.100872	0.011156
0.034066	-0.062509	-0.048688
0.050827	-0.038588	-0.063026
0.084379	-0.086417	-0.036749
0.08442	-0.129369	-0.008166
0.079605	-0.040782	-0.02971
0.09637	-0.033704	-0.05592
0.026897	0.021266	-0.103693
-0.008906	-0.016997	-0.005442
-0.004021	-0.036151	-0.053249
0.046346	-0.031344	-0.108282
0.087039	-0.055346	-0.062735
-0.003773	-0.055193	-0.038769
0.048699	0.035559	-0.076992
0.029708	-0.019503	-0.088819
0.029728	0.069049	-0.069556
0.053687	-0.043506	-0.050402
0.039486	-0.045832	-0.064683
0.03478	-0.03145	-0.057424
0.061121	0.00921	-0.040593
-0.003308	-0.03381	-0.085964
0.054219	-0.007544	-0.090606
0.020794	-0.026744	-0.07368
0.025778	-0.074431	0.007684
0.054643	-0.107879	-0.109644
-0.031574	0.01187	-0.04258
0.08821	-0.117389	-0.013894
0.023579	-0.026337	-0.016307
0.045097	-0.043113	-0.05465
0.052286	0.014192	-0.078375
0.006854	-0.05526	-0.066328
0.028448	-0.071935	-0.01371
0.030754	-0.007358	0.005469
0.021159	-0.06961	-0.056841
0.071421	-0.040806	0.034052
0.071348	-0.069446	0.005109
0.078551	-0.069439	-0.052364
-0.000493	-0.119566	0.009685
0.080897	-0.071628	-0.023937
0.047314	-0.059611	-0.031228
0.071317	-0.093156	-0.079055
0.109567	0.002541	-0.040677
0.08551	-0.026277	-0.03111
0.097503	-0.093336	-0.035882
0.028069	-0.071766	-0.067011
0.004409	-0.002332	-0.107398
0.059663	-0.078775	0.024256
-9.6e-05	-0.040358	-0.011669
0.052581	-0.014054	-0.037976
0.066879	-0.009241	0.012215
0.026347	-0.078566	-0.062006
0.047903	-0.025853	-0.006949
0.102808	-0.001842	0.007154
0.021391	-0.023316	0.031015
0.069295	-0.047105	0.021234
0.016663	0.026967	-0.055124
0.081422	-0.109453	-0.079099
0.038429	-0.063821	-0.012075
0.069684	-0.142749	-0.052804
0.012273	-0.11852	-0.009973
0.05549	-0.09447	0.004382
0.033928	-0.008299	-0.002749
0.07433	0.068143	-0.050726
0.055114	-0.037341	-0.072209
0.043	0.048778	0.006808
0.074133	-0.099686	-0.012387
0.035766	0.012733	-0.086494
0.05233	-0.008947	-0.026671
0.03551	-0.047316	-0.079355
0.059305	-0.06407	-0.002894
0.013785	-0.061676	-0.081943
0.097404	-0.01884	-0.07223
0.066196	-0.066723	-0.036402
0.042189	-0.050072	-0.050688
0.0254	-0.071695	-0.057812
0.080223	-0.026269	0.025837
0.118215	0.009365	-0.060356
0.065421	-0.081791	-0.07944
0.022229	-0.019563	-0.017201
0.012542	-0.079367	0.013731
0.055568	-0.014816	0.009001
-0.00668	-0.026753	-0.019766
0.077025	-0.038814	-0.053313
0.021925	-0.019644	-0.026995
0.014839	-0.019634	-0.041275
0.034164	-0.136845	-0.084396
0.053426	-0.012291	-0.062751
0.079837	-0.1056	-0.041248
0.039279	-0.107872	-0.038848
0.063259	-0.016813	-0.012531
0.068129	-0.083844	-0.07236
0.072754	0.052577	-0.060438
0.029711	-0.086132	0.018414
0.003419	0.01211	-0.017514
-0.001206	-0.064384	-0.024713
0.010946	-0.150272	0.013369
-0.015185	-0.02562	-0.010496
0.032604	-0.013653	0.020532
0.046963	-0.032755	-0.008294
0.051721	-0.027988	0.008463
0.070844	-0.044781	-0.058599
0.037284	0.053258	-0.039272
0.022824	-0.025875	-0.044032
0.058607	-0.004532	-0.108575
0.010768	0.021711	-0.031741
0.039442	-0.047871	-0.101107
0.079956	-0.052765	-0.058076
0.039191	-0.02417	-0.103448
0.070187	0.064259	0.006812
0.034034	-0.007688	0.011485
0.060232	-0.039067	-0.110507
0.091111	-0.053554	-0.050752
0.11241	0.005992	-0.029047
0.071325	-0.008573	0.006737
0.073304	0.053464	0.020966
0.034898	-0.071124	0.025726
0.073002	-0.095136	0.004025
0.034511	-0.064082	-0.015213
0.0248	-0.021103	-0.010393
0.034309	0.052905	-0.070043
0.02462	-0.030986	-0.019777
0.065068	0.004816	0.020815
0.055429	-0.031116	-0.03193
0.055313	0.012003	0.054158
0.072213	-0.162645	-0.005815
0.041061	-0.102683	-0.008338
0.103285	-0.093077	-0.037161
0.065022	-0.109711	-0.030083
0.088873	-0.078504	-0.003933
0.050697	-0.071291	-0.080458
0.002998	-0.11651	-0.037499
0.038983	0.012839	-0.035063
0.053381	-0.061289	-0.00884
0.012784	-0.006212	-0.018286
0.029645	-0.0396	-0.001597
-0.008463	-0.072935	-0.0615
0.027575	-0.079941	-0.013709
0.077818	-0.094042	0.019427
0.013299	-0.010192	-0.018772
0.051698	-0.074738	-0.04758
0.090067	-0.060388	-0.073849
0.099595	-0.110554	-0.018982
0.025681	-0.124727	-0.028465
0.078503	-0.100706	-0.064342
-0.022064	0.016727	0.019411
0.035506	-0.028754	-0.06435
0.045114	-0.03825	-0.045269
0.088253	-0.121954	-0.038207
0.037976	-0.030932	-0.016648
0.037989	-0.066865	-0.066919
0.030753	0.038434	-0.014178
0.069083	-0.071716	-0.04533
0.059393	-0.052589	0.038422
0.04734	-0.047849	-0.040629
0.075963	-0.038403	-0.064532
0.039989	-0.038502	-0.054877
0.025455	0.054742	-0.002155
0.051655	0.042635	-0.014114
0.085043	-0.022169	-0.018877
0.034681	-0.007796	-0.030928
0.051487	-0.00071	-0.059499
0.087332	-0.051072	-0.073869
0.070526	-0.007978	-0.05952
0.108841	-0.024729	-0.006854
0.065568	0.034898	-0.064189
0.044044	-0.05613	-0.076112
0.05841	-0.001126	-0.064036
0.034413	-0.020276	0.012541
0.034475	-0.03936	-0.013838
0.0225	0.025191	-0.063984
0.032224	-0.001158	-0.068618
0.006167	-0.094364	-0.051806
0.049345	-0.048781	-0.044647
0.035085	-0.003256	-0.078088
0.054373	-0.084568	-0.056549
0.011438	-0.103499	-0.02552
0.016416	-0.002921	-0.070814
0.028453	-0.014868	-0.030068
0.057131	-0.00295	-0.027667
-0.002565	-0.014866	-0.032343
0.033434	-0.05071	-0.00842
-0.045459	-0.067344	0.010726
-0.004749	0.064338	-0.027543
0.00976	0.02128	-0.005909
0.069583	-0.02903	-0.044269
0.012167	-0.074419	-0.015609
0.000123	-0.08143	0.04637
0.045712	-0.090919	-0.020718
0.038541	-0.016678	-0.068595
0.088578	-0.021547	0.027033
0.069284	-0.050351	-0.030506
0.011792	-0.117309	-0.004304
-0.000212	-0.050312	-0.028204
0.092643	0.047504	-0.047459
0.037465	-0.021994	0.007584
0.058698	0.011272	-0.004394
0.077622	0.030194	-0.052239
0.043896	0.027474	-0.095142
0.067563	-0.011028	-0.037728
0.117722	-0.018416	-0.032827
0.076762	0.050858	-0.03285
0.059808	-0.028285	-0.025729
0.0621	-0.081056	-0.059264
0.035553	-0.043011	-0.080682
-0.007574	-0.038284	-0.044695
0.082891	0.030751	-0.063894
0.068156	0.025599	-0.078188
0.039319	-0.02008	-0.070884
0.048693	-0.041731	-0.013498
0.029371	-0.013167	-0.05416
0.026847	0.046321	-0.084939
0.088938	-0.00891	-0.094523
0.036238	-0.016112	-0.065772
0.100757	-0.033073	-0.065674
0.091045	-0.064242	-0.063379
0.07424	-0.069021	0.001233
0.064549	-0.011576	0.039482
0.031067	-0.104951	-0.049122
0.016823	-0.078472	-0.049158
0.012074	-0.064058	-0.034804
0.055103	-0.030634	-0.046726
-0.016661	0.034137	-0.006054
0.050387	-0.025738	-0.001277
0.040675	0.007762	-0.063648
0.045561	-0.087931	-0.070872
0.000251	-0.073372	-0.070905
0.048212	-0.073229	-0.025517
0.050811	-0.137665	-0.01841
0.086838	-0.075263	-0.028049
0.041408	-0.058425	-0.035247
0.022413	-0.065562	-0.06627
0.072756	-0.101291	-0.00899
0.063312	-0.122777	-0.102339
0.020289	-0.031681	-0.006557
0.001217	0.011343	-0.082994
0.001317	-0.053126	-0.023266
0.01827	-0.079297	-0.028079
0.044707	-0.055343	-0.068702
-0.005583	0.045291	-0.00169
0.016082	-0.105504	-0.006479
0.052048	-0.134132	-0.037716
0.087847	0.043058	0.000523
0.023205	-0.014482	-0.047276
0.106761	0.066684	-0.004113
0.080271	0.028184	0.005544
0.099208	0.020871	-0.011292
0.110773	0.066034	-0.001708
0.007852	-0.029705	-0.032852
0.088832	0.132801	-0.020901
0.043392	-0.027678	-0.066321
0.019339	0.01772	-0.032762
0.0529	-0.092419	-0.035165
0.088725	0.000847	-0.020725
0.038397	-0.004016	-0.023062
0.047906	0.007904	-0.013486
0.078971	-0.073635	-0.032581
0.09796	-0.073773	-0.075696
0.038081	-0.05453	0.022391
0.064402	0.01953	-0.08757
0.095419	-0.021293	-0.051631
0.033101	-0.026217	-0.070674
0.023395	-0.047782	0.013031
0.061637	-0.031084	-0.039655
0.025676	-0.004822	-0.006059
-0.005512	-0.019174	0.025004
0.01619	-0.071654	0.015307
0.009034	-0.06432	0.027124
0.037587	0.043218	-0.035041
0.023241	-0.026173	-0.023122
0.037528	0.024025	-0.03506
0.035204	-0.043025	-0.068533
-0.02939	-0.057283	-0.008724
0.092768	-0.148101	0.019785
0.080776	-0.06661	-0.030604
0.013798	-0.054587	-0.032972
-0.000381	-0.059293	-0.054434
-0.038453	-0.126194	-0.044795
-0.01208	0.000665	-0.030299
0.026223	-0.030489	-0.032688
-0.009582	-0.059144	-0.011117
-0.059804	0.015198	0.003207
0.03606	-0.063761	0.00797
0.047961	-0.070937	-0.02565
0.050465	-0.056576	-0.075821
0.028803	-0.011085	-0.004062
0.02169	-0.066121	-0.056741
0.031434	-0.063647	-0.025534
0.086428	-0.044526	-0.042344
0.000275	-0.082785	-0.047141
0.084037	-0.15939	-0.037673
0.03844	-0.070723	0.00767
0.074153	0.012953	0.007638
0.043077	-0.058847	-0.023502
0.064399	0.060704	-0.021096
0.057276	-0.070998	-0.049804
0.040463	-0.030299	-0.054619
0.0835	0.005441	-0.073622
0.07144	0.007737	-0.087958
0.071418	-0.045033	-0.090276
0.112064	-0.097684	-0.020943
0.033081	0.000425	-0.090232
0.059381	-0.095339	-0.056796
0.016276	-0.066603	-0.013672
0.004283	0.052907	-0.085237
0.021094	-0.064418	-0.049301
0.01396	-0.030963	-0.113819
0.061683	0.038352	-0.032395
0.087907	-0.0072	-0.00612
0.075935	-0.08619	-0.085212
0.028065	0.002517	-0.008653
0.035331	-0.100352	-0.078172
0.066442	-0.052513	-0.087699
0.056775	0.026489	-0.006316
0.004106	-0.030936	-0.023129
0.030368	0.076744	-0.056626
0.003984	-0.019106	-0.035051
0.023119	-0.03116	-0.034978
0.030381	-0.071847	-0.056488
0.008849	0.00477	-0.020508
0.078217	-0.036016	-0.02051
0.02328	-0.148347	-0.037417
0.09502	-0.035804	-0.013554
0.044704	-0.016672	-0.044675
0.059129	-0.074001	-0.028044
0.037545	0.000204	-0.042392
0.078171	-0.071585	-0.004243
0.063901	-0.107414	-0.011446
0.054298	-0.066689	-0.021063
0.049588	-0.088272	-0.09519
-0.00077	0.012224	-0.025678
0.013679	-0.121809	-0.018524
0.01379	0.00516	0.00071
-0.00772	-0.059444	-0.020877
0.056978	-0.08096	-0.020893
0.040161	-0.035467	-0.032905
0.044925	0.000487	-0.006625
0.085605	-0.054552	-0.033066
0.042763	-0.169248	0.026758
0.030837	-0.003995	-0.066593
0.040508	-0.114074	-0.037875
0.05729	-0.049311	-0.014028
0.021521	-0.097102	-0.045141
-0.004835	-0.008491	0.007546
0.055035	-0.008538	-0.00198
0.06707	-0.099504	-0.059455
0.059873	-0.001384	-0.04979
0.100659	-0.046917	-0.095185
0.02897	-0.137667	-0.064212
0.05046	-0.063421	-0.047518
0.052723	-0.008421	-0.0212
0.052676	-0.015658	-0.059506
0.064497	-0.022946	-0.049956
0.045416	-0.104381	-0.061844
0.074152	-0.075711	-0.044995
0.069235	-0.01125	-0.085585
0.076354	-0.016217	-0.080639
0.047441	0.096104	-0.032609
0.035313	0.031268	-0.037343
0.037524	0.117025	-0.089638
0.082808	0.052165	-0.041723
0.015746	0.01374	-0.043987
0.089829	-0.017561	-0.063107
0.006023	-0.029473	-0.024844
0.070523	0.020621	-0.072664
0.005711	-0.001082	-0.072628
-0.01333	-0.015475	-0.053315
0.044041	-0.106462	-0.034301
0.01534	-0.070524	-0.043856
0.022448	-0.015547	-0.022244
0.051133	-0.022888	-0.089165
0.081962	-0.06365	0.054274
0.048324	-0.05401	0.013372
0.067266	0.000941	-0.010639
0.028849	-0.001493	0.041998
0.076533	0.039056	-0.013104
0.038142	-0.03752	0.008296
0.095599	-0.135664	-0.073223
0.042984	-0.121173	0.000948
0.007031	-0.075565	-0.011184
0.093146	-0.049252	-0.011256
0.131282	-0.094799	-0.013793
0.059444	-0.10189	0.005264
0.037927	-0.065938	-0.025867
0.05237	-0.132925	-0.047439
-0.01466	0.056286	-0.021068
0.028583	-0.080071	0.005215
0.038137	-0.072779	0.019424
0.052393	-0.048781	0.014452
0.042942	-0.07253	0.007147
0.066893	-0.060539	-0.052746
0.026285	-0.070015	-0.05516
0.09079	-0.022209	-0.040836
0.081265	-0.081955	0.01893
0.052422	-0.012534	-0.024243
0.054742	-0.014995	-0.007471
0.040413	-0.091551	0.006833
0.038071	-0.038849	-0.048209
0.066753	-0.050818	-0.021934
0.025983	-0.007808	-0.026654
0.018813	-0.017396	-0.021837
0.014236	-0.139363	-0.079323
0.040623	-0.041235	-0.098352
0.079007	-0.065225	-0.10542
0.052725	-0.172762	0.002117
0.069379	-0.086505	-0.026784
0.095472	0.018561	-0.076943
0.088235	-0.09158	-0.026742
0.14775	0.003985	0.033055
-0.024676	0.027887	-0.033929
0.087779	-0.087106	-0.036398
0.075797	-0.058426	-0.072256
0.092414	0.034806	-0.007526
0.006238	-0.025175	-0.093568
0.032651	-0.096922	-0.093628
0.123506	-0.04202	-0.016917
-0.005795	0.051341	-0.016828
0.066035	-0.044478	-0.016827
0.051681	-0.008634	-0.057423
0.022903	0.01768	-0.004732
0.05644	-0.106831	-0.057455
0.05161	-0.051795	-0.038273
0.015702	-0.032539	-5.6e-05
0.027799	-0.130631	-0.074307
0.027801	-0.168797	-0.043364
0.022962	-0.025108	0.011685
0.049334	-0.065757	-0.01232
0.04699	-0.082408	-0.069892
0.046909	-0.022534	0.02343
0.06842	-0.077506	-0.012687
0.018113	-0.067917	-0.036658
0.037167	-0.053361	0.054006
0.006153	-0.055722	-0.034525
0.008672	-0.06038	0.00855
-0.031847	-0.086657	-0.039235
0.054358	-0.060354	-0.072723
0.056642	0.018526	-0.070249
0.032656	-0.022295	-0.053389
0.05177	0.018357	-0.015038
0.006259	-0.039107	-0.024642
0.042231	-0.096454	-0.051109
0.056556	-0.034433	-0.151432
0.044539	-0.060794	-0.041284
0.063605	-0.082303	-0.003119
0.02995	0.037144	-0.115433
0.015606	-0.010852	-0.079358
0.044247	-0.044481	-0.014673
0.084909	-0.056518	-0.043391
0.070321	0.010311	-0.028956
0.046229	0.029324	-0.002572
0.036479	0.019659	0.018911
0.019673	-0.004303	-0.024228
0.091359	-0.057116	-0.014665
0.052841	-0.002143	0.02359
0.057621	-0.038143	-0.050571
0.040654	0.028785	-0.031454
0.066896	-0.062242	-0.029148
0.052386	-0.031221	-0.053103
0.069159	-0.117414	-0.03397
0.054654	0.011788	-0.036341
-0.002638	-0.119786	-0.043521
0.042775	-0.074238	0.03536
0.071498	-0.067002	-0.043756
0.08103	-0.071819	-0.065327
0.04752	0.019085	-0.043615
-0.005068	-0.047925	-0.05315
0.023582	0.009507	-0.014864
0.049924	-0.052757	-0.0508
0.004516	-0.064644	-0.031651
0.038135	-0.100442	-0.019743
0.019029	-0.045368	-0.053203
0.019064	-0.038183	-0.024425
0.004664	0.024054	-0.024415
-0.004823	-0.016553	-0.014876
0.014439	-0.052505	-0.06503
0.007315	-0.026105	-0.021923
0.060056	-0.059629	-0.067384
0.033824	-0.011725	-0.081637
0.029108	-0.083561	-0.050444
0.100856	0.000124	-0.088696
0.03856	-0.009423	-0.052836
0.029039	-0.047756	-0.064737
0.06486	-0.016759	-0.05748
0.069607	0.033315	-0.042879
0.019377	-0.050479	-0.035665
0.031287	-0.012339	-0.064243
0.002503	0.011634	0.050643
0.105289	-0.002901	-0.021206
0.023858	-0.093839	-0.066807
0.023952	-0.108067	-0.052517
0.047911	-0.086363	-0.011982
0.083677	-0.028885	0.016596
0.052577	-0.079108	-0.040938
0.033379	-0.028786	-0.005088
0.040601	-0.067015	-0.036299
0.033492	-0.002349	-0.00748
0.074048	-0.019131	-0.029182
0.042918	-0.095673	-0.01014
0.050134	0.009588	-0.074619
0.083448	0.028658	-0.002884
0.073866	-0.050395	-0.062738
0.061864	-0.00733	-0.055524
0.023548	-0.009746	0.001987
0.014011	-0.04561	-0.024392
0.014043	-0.045487	0.006621
0.090594	-0.021536	-0.007844
-0.005067	-0.052504	0.013646
0.031027	-0.105023	-0.043877
0.033413	-0.045168	-0.04386
0.043009	0.009876	-0.058159
-0.026184	0.002673	-0.050677
0.069267	0.057472	-0.014758
0.019014	-0.007217	-0.021868
-0.012093	0.002392	0.016443
0.023935	-0.105286	-0.038656
-0.004766	-0.026249	-0.057778
0.02394	0.016904	-0.002784
0.03356	-0.066895	-0.088994
0.05745	-0.042851	0.013809
-0.026327	-0.004512	-0.022089
0.03595	-0.081074	-0.017391
0.050451	-0.09062	-0.072382
-0.016526	-0.085782	-0.074752
0.07672	-0.011741	-0.062687
0.009698	-0.078702	0.004289
0.02648	0.000156	-0.050553
-0.019027	0.002525	-0.012201
0.050308	0.019073	-0.079113
0.035896	-0.04561	-0.040815
0.045513	-0.093302	-0.019483
0.011973	0.047876	-0.067231
0.026362	-0.043135	-0.088768
0.066961	-0.00966	-0.036128
0.102778	-0.036047	-0.033792
0.081133	-0.064753	-0.029142
0.064379	-0.007393	-0.060112
0.085615	-0.002803	-0.06259
0.040002	0.037569	-0.095799
0.02574	-0.046151	-0.021572
0.082924	0.02553	-0.012088
0.058913	-0.055927	-0.021698
0.030155	-0.053439	0.011694
0.013402	-0.015139	-0.028981
-0.022463	-0.036554	0.025987
0.054093	-0.003008	0.001929
0.032599	-0.015	-0.060255
0.087521	0.015868	-0.033743
-0.010449	-0.106242	-0.091033
-0.01515	-0.051057	-0.026399
0.01829	-0.010432	-0.023984
0.051865	-0.084723	-0.110099
0.070922	-0.094354	-0.028713
0.073357	0.013243	-0.095505
-0.015303	0.029908	-0.018786
-0.012893	0.010776	0.000355
-0.008068	-0.101713	-0.030843
0.058847	0.02983	-0.076268
0.034793	-0.075541	-0.035673
0.068255	-0.044471	-0.02848
0.113618	-0.056602	-0.049986
0.072774	-0.018262	0.038472
0.024821	-0.11879	-0.011958
0.04164	-0.03983	-0.076471
0.04871	-0.03279	-0.014139
0.074685	0.053156	0.002587
0.031473	-0.035417	-0.007154
0.045728	-0.066564	-0.031211
0.060064	-0.042652	-0.031198
0.052797	-0.080926	0.006976
0.012074	-0.021007	-0.002666
0.028739	0.002853	-0.033791
0.031124	-0.047453	-0.045763
0.03822	0.043328	-0.064727
0.028649	0.040696	-0.04047
-0.017052	-0.093346	0.031074
0.014074	-0.004848	-0.009499
0.035582	-0.091002	-0.016817
0.080863	-0.002683	-0.04542
-0.012533	0.011525	-0.064362
0.044815	0.020954	-0.04994
0.032726	-0.060535	-0.05717
0.042271	-0.041421	-0.04757
0.039741	0.003921	-0.054688
0.039735	-0.070382	-0.080968
0.111426	-0.111164	-0.054704
-0.005962	-0.082393	-0.014061
0.058617	-0.025036	-0.06429
0.017972	-0.08496	-0.052179
0.051401	-0.04914	-0.006646
0.001148	-0.01561	0.005375
0.051307	-0.051641	-0.037746
0.098997	-0.022998	-0.006708
0.012709	-0.008723	-0.035401
0.034316	-0.104501	-0.049744
-0.011255	-0.015903	-0.035419
0.045992	0.019806	-0.018628
0.086548	0.012495	-0.033006
0.014607	0.009982	-0.047322
0.05046	-0.068997	-0.006754
0.141182	-0.054635	0.045643
0.059662	-0.011735	-0.081121
0.028498	-0.04528	-0.04521
0.033332	-0.062084	-0.052297
-0.038428	-0.040416	-0.004444
0.040532	-0.045215	0.002673
0.071355	0.078928	-0.090555
0.035485	-0.112614	-0.045067
0.023545	-0.047909	-0.03071
0.059533	-0.11008	-0.057117
0.085891	-0.062082	-0.011721
0.052302	0.019285	-0.02607
0.028503	-0.105152	-0.042807
0.057218	-0.076427	-0.045211
0.100141	-0.071663	-0.009451
0.021211	-0.009379	-0.018935
0.104946	-0.023905	-0.095474
0.054507	0.004726	-0.021243
0.037766	-0.028825	0.000365
0.073541	0.040504	-0.049927
0.042375	0.02124	-0.037853
0.037505	-0.014682	0.007564
-0.005427	-0.091088	-0.052421
0.018434	0.007072	-0.016543
0.008949	0.016593	-0.078639
0.028088	-0.076655	-0.00222
0.035299	-0.057444	-0.026207
0.066452	-0.098148	-0.045363
0.025743	0.004745	-0.042844
0.109474	-0.122165	-0.007052
0.071085	-0.021691	-0.040507
0.056589	0.01405	-0.049984
0.061291	-0.065029	-0.040445
0.0397	-0.026733	-0.002128
0.080171	-0.005231	-0.00232
0.032168	-0.050695	0.016683
-0.008573	0.030747	0.016641
0.118238	-0.053128	-0.045698
0.079842	-0.024397	-0.043371
0.04396	-0.045993	-0.076804
0.067827	-0.010169	-0.067183
0.034384	-0.108332	-0.06713
0.070425	-0.055632	-0.074207
0.07747	-0.067632	-0.007263
0.020089	-0.100991	-0.009771
0.025003	-0.064922	0.009336
0.060966	-0.017	-0.069684
0.029839	-0.009832	-0.000198
0.053699	0.030818	-0.067273
0.048942	-0.03613	-0.012294
0.04175	-0.04087	-0.005179
0.034578	-0.007312	-0.021966
0.013237	-0.009639	-0.040987
0.034764	-0.009634	0.006878
0.003785	-0.064554	0.004437
0.023021	-0.054898	-0.02911
0.032658	-0.054748	0.011474
0.039929	-0.035603	-0.045896
0.020946	-0.100115	-0.024349
0.020982	-0.040208	-0.017166
0.028223	-0.099993	-0.048356
0.083121	0.007725	0.020976
0.008793	0.026778	-0.026878
0.020884	-0.076116	-0.043635
0.066297	0.014806	0.011464
0.044581	0.002689	0.013869
0.085169	-0.042856	-0.043694
-0.029735	0.031294	-0.117757
0.027639	-0.031059	-0.050705
0.089752	-0.05038	-0.069827
0.010693	-0.028876	-0.033864
0.051199	0.069022	-0.045678
0.099019	0.004144	-0.055074
0.036675	0.006469	-0.007164
0.058122	-0.036675	-4.9e-05
0.098675	-0.015188	0.02621
0.055469	-0.005695	-0.019283
0.036296	-0.041612	-0.028888
0.062513	-0.017698	-0.000237
0.017035	-0.056007	-0.033754
0.038658	-0.017782	-0.079066
0.002789	-0.017699	-0.007261
-0.047326	-0.086948	-0.019311
0.057937	-0.003206	-0.014539
-0.016233	0.066179	-0.045507
0.010146	-0.027157	0.00713
0.050765	0.001552	-0.01688
0.072336	0.001453	-0.095775
0.043627	-0.03679	-0.004828
0.015093	-0.07977	-0.033519
0.020061	-0.082084	-0.050199
-0.008565	-0.019744	-0.042983
-0.001385	0.006594	-0.002264
0.029818	-0.060336	0.012013
0.032171	0.049729	-0.004662
0.027421	-0.091491	-0.033468
0.053827	-0.11536	-0.031111
-0.010749	-0.05063	-0.014337
0.032264	-0.012434	-0.047809
0.041817	-0.060379	-0.031017
0.101415	-0.070095	-0.031138
0.096344	-0.000945	-0.069366
0.022166	-0.084692	-0.028679
-0.013774	-0.019997	-0.009572
-0.006612	-0.031926	0.014298
0.062726	-0.053593	-0.052744
0.007616	-0.036792	-0.004917
0.017254	-0.122947	-0.026497
0.067493	-0.05119	-0.071941
0.067375	-0.051285	-0.038415
0.048117	-0.029757	0.018996
0.028952	-0.125491	-0.007439
0.047952	-0.017817	-0.007478
0.038214	-0.006002	-0.012232
0.004802	0.034536	-0.066969
0.047851	-0.056468	0.016781
0.054834	0.015181	-0.033471
0.045272	-0.044737	-0.074112
0.078597	0.010147	-0.047727
0.033085	-0.068903	-0.054903
0.061739	0.002867	-0.054891
0.044833	-0.092731	0.050084
0.099704	-0.03289	0.016372
0.092365	-0.004315	-0.074587
0.049159	-0.009226	-0.064958
0.027566	0.024243	-0.009834
0.017993	-0.013991	0.009221
0.041833	0.009809	-0.036208
0.03698	0.009711	-0.055311
-0.00836	0.009511	-0.112363
0.077755	0.026074	-0.073896
0.010786	-0.115046	-0.026137
0.05387	-0.016865	-0.028539
-0.001171	0.006998	-0.037963
0.006216	-0.052845	-0.088088
0.027816	-0.05746	0.043462
0.082905	-0.043104	-0.033156
0.034964	-0.031129	-0.030804
0.044423	0.033439	-0.02602
0.039675	-0.074305	-0.030805
0.044361	0.059731	0.000327
0.09455	-0.016986	0.009893
0.041805	-0.002752	-0.076212
0.001114	-0.033874	-0.033092
-0.018052	0.037951	-0.054621
0.02512	-0.072167	-0.025884
-0.001207	-0.000359	-0.04497
0.070439	-0.024372	0.014769
0.01062	-0.053039	-0.011611
0.094266	-0.041143	-0.018882
0.065471	-0.058021	-0.066699
0.048628	-0.010331	-0.083281
0.053493	0.015784	-0.10686
0.041491	-0.063115	0.031848
0.051014	-0.036894	-0.044695
0.010099	0.039506	-0.037416
0.12746	-0.137648	-0.018346
0.014867	-0.051474	-0.020712
0.093798	0.044179	-0.006264
0.141441	0.024816	-0.001489
0.074253	0.050911	-0.082736
0.016868	-0.075984	-0.099453
0.028843	-0.138105	-0.018211
0.110173	-0.123567	0.014998
0.081344	-0.056592	-0.06402
0.052551	-0.013531	-0.032878
0.023815	-0.042218	-0.011387
-0.024005	0.082151	-0.047012
0.062226	-0.025667	-0.073294
0.023886	-0.044798	-0.023054
0.023942	-0.042433	-0.034935
0.090889	-0.111844	0.008001
0.057385	0.074907	-0.015846
0.045316	0.002965	-0.030199
0.02615	-0.02093	-0.003927
0.090834	-0.102333	-0.063819
-0.024078	0.003136	0.07024
0.033344	0.019834	0.000809
0.047788	-0.028058	-0.030261
0.030977	-0.020907	-0.035056
0.069266	-0.023306	-0.011134
0.023774	-0.068723	-0.011232
0.03814	-0.051929	-0.030432
0.071511	-0.059112	0.019694
0.059509	-0.097389	-0.0235
0.014013	-0.042296	0.000449
0.052375	-0.061369	-0.025961
0.047551	-0.042245	-0.071458
0.009183	-0.030293	-0.030764
0.038036	-0.087711	-0.052279
0.052296	-0.015951	-0.018752
0.018815	-0.07099	-0.045107
0.040408	-0.085303	-0.040345
0.059495	-0.042239	-0.054736
0.064242	-0.080604	-0.05712
-0.014822	-0.008856	-0.018697
0.042687	-0.047157	-0.018692
0.033022	0.000675	-0.02588
0.047278	-0.023321	-0.006786
0.066289	0.024358	-0.071326
0.035152	-0.035528	-0.028203
0.056525	0.038543	-0.028176
0.039726	-0.05723	-0.013878
0.058923	-0.124175	-0.052306
0.07101	-0.00212	-0.143081
0.068526	-0.073903	-0.011536
0.073077	0.007472	0.074505
0.082655	-0.088241	0.00254
0.027539	-0.02604	0.004991
0.060987	-0.026057	-0.00705
0.04422	0.071977	-0.009241
0.063291	0.00247	0.021866
0.022576	-0.01667	-0.021271
0.036937	-0.086101	-0.035679
-0.001249	-0.03332	-0.042838
0.056249	-0.069248	-0.066768
0.063411	-0.035701	-0.03328
0.058631	-0.014106	-0.016558
0.068239	-0.066807	-0.035675
0.087303	-0.03813	-0.028511
0.046571	-0.026123	-0.004618
0.084742	-0.047786	-0.01422
0.039306	-0.117139	-0.062176
0.008161	0.028857	-0.038109
-0.006102	-0.095505	0.019255
0.02751	-0.083508	-0.057328
0.003697	-0.052325	-0.062032
0.061195	-0.07615	-0.045409
0.054059	-0.049803	-0.040568
0.05885	-0.095236	-0.026289
0.089877	-0.042492	-0.031261
0.006188	-0.068734	-0.050406
0.061128	0.012531	-0.038374
0.037139	-0.080887	-0.024026
0.006044	-0.054552	-0.040739
0.005966	0.007607	-0.019125
-0.001238	-0.035516	-0.052659
-0.032245	-0.081018	-0.081268
0.082561	-0.018853	-0.021423
0.041904	0.014539	-0.088247
0.008425	-0.095415	-0.007036
0.077628	-0.014056	-0.004819
0.079803	0.0576	-0.014383
0.115609	-0.031095	-0.035964
0.06998	-0.090951	-0.019353
0.084168	-0.04308	0.025999
0.031373	0.007132	-0.024301
0.057641	-0.064726	0.001973
0.057582	-0.091112	-0.010015
0.043452	-0.138784	-0.024417
0.033736	-0.057394	0.016205
0.045652	-0.019098	0.001804
-0.016537	-0.040527	-0.007848
0.031206	0.023969	-0.053308
0.033503	0.007122	-0.019777
0.052663	-0.04549	-0.019876
0.054954	0.023922	0.020784
0.078933	-0.055061	-0.060683
0.119515	0.028571	-0.036629
0.030958	-0.05039	-0.022291
0.011844	-0.067211	-0.084443
0.050136	-0.004955	-0.034158
0.014347	-0.057581	-0.060442
0.071839	-0.06951	-0.038931
0.035789	-0.040784	0.008856
0.014417	-0.081441	-0.034135
0.045632	-0.055088	-0.086754
0.031267	-0.033587	-0.055543
0.009793	-0.088584	-0.038805
0.057595	-0.043003	0.001711
0.057383	-0.016711	0.032692
0.069219	-0.019257	-0.077435
-0.000168	-0.105342	-0.012871
0.059529	-0.019189	-0.012972
0.018813	-0.026426	-0.020093
0.056906	0.018922	-0.044084
0.004135	0.037907	-0.029578
0.037707	-0.043487	-0.039162
0.106874	0.001912	-0.012984
0.080447	-0.069942	-0.065759
0.077986	-0.069922	-0.013161
0.089762	-0.012589	-0.075456
0.046604	-0.062808	-0.030099
0.025028	0.03052	-0.018049
0.07289	-0.086933	-0.085024
0.058403	-0.029592	-0.037075
0.060591	0.013377	-0.034714
-0.023048	-0.075153	0.003693
0.027102	0.073118	-0.024922
-0.011185	0.013217	0.00628
0.048626	-0.075468	-0.063157
0.091673	-0.082666	-0.056022
0.050958	-0.05871	-0.04645
0.072328	0.056189	0.030076
0.055557	-0.044421	-0.044151
0.086717	-0.053938	-0.034629
0.00531	-0.013239	-0.048953
0.000667	-0.156705	-0.025145
0.060589	-0.113414	0.015391
0.041437	-0.022381	-0.018159
0.003281	-0.120401	-0.020602
0.103826	-0.105973	-0.039885
0.060782	-0.062744	0.000749
0.04175	-0.067351	-0.01611
0.027318	-0.033815	0.022137
0.087111	0.014025	0.043682
0.077368	-0.022013	-0.006643
0.024605	0.08324	-0.023325
0.079649	-0.079624	0.005378
0.031807	-0.08677	-0.035327
-0.006385	-0.093854	-0.028134
0.089237	-0.041359	-0.066398
0.007857	-0.046034	0.000572
0.055663	0.001767	-0.028144
0.108229	-0.079669	-0.035454
-0.028151	-0.060401	-0.059398
0.041339	-0.067555	-0.066584
0.039041	-0.077123	-0.112002
0.086841	-0.026901	-0.011426
0.055632	-0.031884	-0.131012
0.029211	-0.00799	0.022264
0.038629	0.008573	-0.087822
0.060028	-0.003564	-0.037486
0.002543	0.001049	-0.046848
0.079051	0.010422	-0.07307
0.00961	-0.032733	-0.051445
0.050174	-0.032896	-0.046609
0.014094	0.026839	-0.058568
0.054736	-0.013994	-0.022572
0.025979	-0.064237	0.008481
0.078643	0.005081	-0.072806
0.068874	0.01219	-0.005845
0.035293	0.033619	-0.05364
0.025627	-0.002435	-0.046382
0.040001	0.018878	-0.079602
0.0784	-0.086441	-0.058041
0.037709	-0.012201	0.006654
0.028202	-0.033661	-0.038893
0.052197	-0.078961	0.025558
0.006756	0.01935	0.023088
-0.00507	-0.037921	0.025373
0.01645	0.00034	0.018225
0.030973	-0.119215	-0.046524
0.021428	-0.092657	0.029884
0.040563	-0.027991	-0.010862
0.059666	0.005507	0.010674
0.030924	0.01026	-0.015623
0.047573	0.01967	-0.039483
0.023753	-0.016242	-0.053734
0.023903	-0.078392	-0.046544
-0.01901	-0.027964	-0.053687
0.043212	-0.027854	0.039529
0.086326	-0.049387	-0.089828
0.021795	-0.137776	-0.037282
0.072055	-0.049147	-0.07087
0.033733	-0.044333	-0.030186
0.060062	-0.063552	-0.044498
0.0575	-0.022923	0.005731
0.0549	-0.018302	-0.020616
0.054789	-0.020885	-0.030076
-0.040678	-0.09252	-0.015626
0.043043	-0.042398	-0.056232
0.042866	0.038791	-0.027374
0.016451	0.007478	-0.070333
0.045114	0.086194	-0.086773
0.059379	-0.00253	-0.069983
0.073634	-0.062466	-0.053265
0.090433	-0.005116	-0.115333
0.047343	-0.074495	-0.048347
0.071108	0.02101	-0.074513
0.056567	0.047303	0.037935
0.102099	-0.062952	-0.057731
0.042117	-0.03425	-0.000315
0.032754	-0.149074	-0.093663
0.078198	-0.098807	-0.033819
0.006348	-0.003049	0.026113
0.035117	-0.105966	-0.060165
-0.007947	-0.101074	-0.029109
0.068711	-0.11522	0.030501
0.018323	0.054798	0.001701
-0.000703	-0.060075	-0.060542
0.030561	-0.045657	-0.0916
0.006741	-0.093368	-0.012668
0.047512	-0.004825	-0.089159
0.064342	-0.069379	-0.000614
0.021264	-0.021481	-0.019737
0.014378	-0.098095	-0.155974
0.021632	-0.083559	-0.021991
0.028902	-0.064453	-0.084103
0.038463	-0.006942	0.002059
0.019293	0.002569	-0.021813
0.014612	-0.061937	-0.009925
0.01235	-0.054739	-0.084047
0.019515	0.026667	-0.026556
0.031483	-0.057105	-0.012261
0.074389	-0.023636	-0.014794
0.007248	0.000244	-0.005211
0.023986	-0.064432	-0.043548
0.045453	-0.078789	-0.000546
-0.002419	-0.071546	0.02336
0.064479	-0.009298	0.039983
0.049968	0.01923	-0.031747
0.040254	0.042879	-0.050667
-0.014662	-0.079068	0.006739
0.018851	-0.028814	-0.019572
-0.007565	0.018963	-0.043438
0.014049	-0.057691	-0.069707
0.059468	-0.031464	-0.076834
0.004384	0.023556	-0.050403
0.080983	-0.069915	-0.0815
0.030633	0.018621	-0.033557
0.061713	-0.026896	-0.07192
0.052239	-0.139447	-0.088593
0.002024	-0.06515	-0.033489
0.033097	-0.024495	0.002449
0.016336	-0.046073	-0.028655
-0.00989	-0.038742	0.014399
0.059485	-0.101022	-0.035971
0.021135	0.004299	-0.031134
-0.029109	0.018653	-0.021483
0.033189	0.006628	-0.052524
0.028504	-0.091427	-0.035827
0.016624	-0.00996	-0.016612
0.01899	0.042727	-0.009454
0.007149	-0.062512	-0.038233
0.062269	0.033075	-0.085824
0.136393	-0.050791	-0.028424
0.035866	-0.045887	-0.045267
0.071665	0.006738	0.002586
0.09558	-0.175217	-0.033461
0.009493	-0.053	-0.050176
0.021501	-0.062586	-0.023787
0.033496	-0.052947	-0.002286
-0.016601	-0.045632	-0.038166
-0.026127	0.038115	-0.028431
0.02664	-0.050431	-0.052386
0.017097	-0.038422	-0.061973
0.050547	-0.040742	0.012095
0.055406	-0.105344	-0.076531
0.067359	-0.062232	-0.052605
0.021874	-0.038149	0.023888
0.076845	-0.100364	0.006932
0.071972	-0.002318	-0.062421
0.045554	0.007104	-0.064692
0.102923	-0.088733	-0.040811
0.023833	-0.028897	-0.0025
0.023843	-0.052906	-0.038338
-0.004905	-0.052835	0.045387
0.004764	-0.069495	0.002235
0.031005	-0.048015	-0.052863
-0.016744	-0.03368	-0.071817
0.043097	0.035622	-0.076452
0.028773	-0.103158	-0.045435
0.069298	0.014095	0.019161
0.083583	-0.065008	-0.033534
0.102582	-0.005155	0.011832
0.075894	0.056888	-0.050514
0.10209	-0.067738	-0.00266
0.051746	-0.029534	-0.072022
0.044496	0.054062	-0.043059
0.037329	0.032419	-0.040533
0.063525	-0.058621	-0.019098
0.017987	0.017865	-0.064444
0.032514	-0.15678	0.000147
0.008663	-0.080076	-0.059707
0.049469	-0.132596	-0.023902
0.130615	-0.068068	-0.040792
0.099329	-0.041856	-0.031203
0.020414	-0.046631	-0.086178
0.041814	0.046554	-0.04535
0.075184	-0.023013	-0.026218
0.08944	-0.018346	-0.071689
0.029411	0.02703	-0.018994
0.089249	-0.059194	-0.05735
0.067527	0.012558	-0.052611
0.079303	0.002836	-0.071802
-0.011616	-0.064175	-0.040632
0.045842	-0.054562	-0.033512
0.0626	0.009968	-0.10999
0.017094	0.005105	-0.054813
0.069813	-0.066636	-0.004626
0.060276	-0.057022	-0.05492
-0.009155	-0.045061	-0.02853
0.055419	-0.052291	0.000173
0.026741	-0.002114	-0.049909
0.084184	-0.040529	-0.013905
0.02671	-0.026246	-0.030552
-0.045041	-0.028616	-0.001739
0.019514	-0.009462	0.055632
0.105605	0.067037	-0.083238
0.024085	0.026222	-0.02333
0.067208	-0.040932	-0.102237
-0.009443	0.009315	-0.023149
0.00027	-0.122278	-0.071077
0.0506	-0.040874	-0.068611
0.062411	-0.014489	0.04373
0.01934	-0.064642	0.014852
0.059997	-0.055006	-0.006835
0.02635	0.057402	-0.033104
0.026421	-0.055193	-0.076104
0.00014	-0.074371	-0.052063
0.036036	-0.064703	0.00767
0.02886	-0.086056	0.012213
0.02171	-0.050103	-0.035684
0.014553	-0.038169	-0.037998
0.014697	-0.050042	-0.059529
0.00297	-0.073759	-0.023642
0.007789	-0.009051	-0.038034
0.036535	-0.023408	-0.057203
0.015017	-0.059307	-0.028458
0.01977	0.031655	-0.018857
0.024599	-0.090471	-0.069136
0.043731	-0.033068	-0.059486
0.010301	-0.004397	-0.078454
0.058157	-0.026034	-0.090375
0.060505	-0.026088	-0.052034
0.038993	0.021603	-0.085255
0.060519	-0.026293	-0.046969
0.026934	0.026337	-0.044556
0.046146	-0.026327	-0.078065
0.034144	-0.026339	-0.04934
0.089189	-0.07906	-0.058923
0.079617	-0.076719	-0.094773
0.034044	-0.014535	-0.04444
0.053171	0.033249	-0.017982
0.079422	-0.041092	-0.051493
0.033862	-0.010052	0.001262
0.007518	-0.053134	-0.027513
-0.006957	0.042435	-0.082417
0.024191	0.008781	-0.082249
0.059995	-0.039041	0.010933
0.007356	-0.027031	-0.0178
0.057625	-0.01037	-0.07278
0.07196	-0.022351	-0.022516
0.040813	-0.058268	0.008596
0.057661	-0.091664	-0.032202
0.040923	-0.082083	-0.072891
0.021778	-0.017449	-0.041699
0.100706	-0.067756	-0.003477
0.01697	-0.01986	-0.032117
0.031279	0.001541	-0.065518
0.026435	-0.02245	-0.015229
0.009704	-0.027192	-0.024833
-0.004718	-0.027178	0.05413
0.026408	0.00866	-0.027201
0.062334	-0.110964	-0.010594
0.0001	-0.019954	-0.027321
0.048104	-0.125227	-0.084828
0.019374	-0.058136	-0.048931
0.007446	-0.01029	-0.044022
0.005176	-0.012709	-0.07739
0.010098	0.042334	-0.074802
0.089111	-0.058205	-0.043757
0.026928	-0.11795	-0.062989
0.029374	-0.024548	-0.058142
-0.0111	-0.07465	-0.026993
0.020087	-0.053098	-0.01736
0.086908	-0.017285	-0.031839
0.04607	0.008966	-0.015085
0.06042	-0.086714	0.003902
0.067467	-0.065086	0.006059
0.067311	0.023366	-0.056169
0.069704	-0.012619	-0.056094
0.045704	-0.01746	-0.046504
0.057708	-0.170598	-0.056236
0.026671	-0.098697	-0.089725
0.04346	-0.036473	-0.053716
0.012303	0.044675	-0.094096
0.050578	-0.041582	-0.017458
0.009838	-0.020033	0.02803
0.050554	-0.02717	-0.005561
0.031409	-0.034372	-0.029475
0.031234	0.063541	-0.036487
0.007391	-0.068031	0.008936
0.052841	-0.024936	0.01848
0.043326	-0.091897	-0.039058
0.04805	-0.027371	-0.096431
0.007411	-0.024936	-0.079636
0.033804	-0.051335	-0.081912
-0.011573	-0.039388	-0.053002
0.009948	0.010734	-0.05761
0.091366	-0.046765	-0.016881
0.093492	-0.008627	0.011805
-0.002287	-0.056477	-0.012186
0.045648	-0.058829	-0.048131
0.033737	-0.080343	-0.050514
0.026724	-0.096999	-0.088788
0.045829	-0.075459	-0.036136
-0.030665	-0.118438	-0.045729
0.050646	-0.034556	0.040296
0.057802	-0.029738	-0.045992
0.026702	-0.027369	-0.036342
0.000426	-0.044079	-0.024364
0.043525	-0.053676	-0.05549
0.033985	-0.027274	-0.024385
0.067406	-0.020218	-0.000388
0.09349	0.065712	-0.064959
0.031125	0.008156	-0.00988
0.031224	-0.094775	-0.064929
-0.004718	0.000981	-0.012201
0.038408	-0.054146	-0.06003
0.038336	0.032005	-0.024092
0.01208	-0.03982	-0.038403
0.026462	0.005674	-0.012029
0.052759	-0.032696	-0.047943
0.064564	-0.03991	-0.009766
0.031098	-0.090103	-0.024199
0.050132	-0.030347	-0.028971
0.023769	-0.030425	-0.050446
0.030921	-0.059187	-0.03369
0.030864	-0.032948	-0.0408
0.038067	-0.090416	-0.045587
0.090492	0.017214	-0.016944
0.056829	-0.040403	-0.033674
0.071106	-0.006996	-0.036013
0.054245	-0.047763	-0.043232
0.020796	-0.047834	-0.100539
0.03258	0.00237	-0.012007
0.080142	0.0789	-0.033779
0.041767	-0.019296	-0.036232
0.046537	-0.093522	-0.041067
0.058426	-0.050469	-0.043483
0.079785	-0.021874	-0.021949
-0.004092	-0.012465	-0.021785
0.065349	-0.093886	-0.069713
-0.016092	-0.048411	-0.028971
0.024537	0.01131	-0.052818
-0.006531	-0.08925	-0.057576
0.022212	-0.01263	-0.019227
0.007853	-0.03174	0.009461
0.02449	0.028142	0.018896
0.043563	0.001757	-0.014676
0.060314	-0.106043	-0.096092
0.014902	-0.110645	0.004361
0.06266	-0.007764	0.004344
0.084119	-0.043826	-0.033905
0.095844	0.013442	-0.029109
0.021711	-0.108658	-0.1009
-0.007097	0.04693	0.006916
0.026509	-0.08476	-0.019396
0.074255	0.027564	-0.057572
0.064546	-0.041902	-0.024163
0.064457	0.027415	-0.052824
0.007105	-0.070615	0.002187
0.004682	-0.010809	-0.050446
0.028604	-0.032415	-0.062385
0.095617	-0.073104	-0.036125
0.071524	0.015309	-0.06715
0.049907	-0.104299	0.004453
0.071326	-0.06603	-0.01718
0.08049	0.041367	-0.057856
-0.000862	-0.052109	-0.08403
0.023052	-0.021012	-0.03612
0.077917	0.007501	-0.004927
0.058712	-0.004537	-0.052797
0.060889	0.000172	-0.072083
0.032043	6.6e-05	-0.043325
0.017745	-0.083643	-0.036208
0.044088	-0.062046	-0.024289
0.03439	-0.004699	-0.043406
0.07029	-0.081386	-0.076903
0.10367	0.028607	-0.052886
-0.008715	-0.038482	-0.095771
0.000965	-0.069528	-0.033507
0.053609	-0.000227	-0.050127
0.055776	-0.021878	-0.016715
0.041518	-0.098505	-0.062119
0.048702	-0.019469	-0.023801
0.007918	0.025996	0.012103
0.086686	0.016234	-0.002318
0.088968	0.04481	-0.009415
0.060252	0.006502	-0.052516
0.055292	0.032772	0.074337
0.055399	-0.101298	-0.07171
0.014678	-0.053389	0.007308
0.050677	-0.084443	-0.01667
0.06263	-0.036613	-0.04055
0.043543	-0.043831	-0.078753
0.062598	-0.008088	-0.054684
0.026681	0.049345	0.022025
0.050679	-0.043973	-0.011564
0.055304	0.013432	0.000331
0.031425	-0.06079	-0.045126
0.02179	0.011011	-0.011592
0.048144	-0.044001	-0.004491
0.028988	-0.048754	-0.0213
0.072098	-0.022518	-0.064271
0.074337	-0.070245	0.004797
0.014611	-0.079662	0.004753
0.06704	-0.015116	-0.007349
0.047799	0.006455	0.009308
0.038229	-0.046278	-0.012179
0.023825	-0.010438	-0.040847
0.028561	0.037337	-0.014401
0.069132	-0.005928	-0.057469
0.014024	0.04904	-0.054949
0.038063	-0.140073	-0.026233
0.059549	-0.008395	-0.052588
0.054779	-0.037124	-0.002289
0.064339	-0.080286	-0.0717
0.038016	0.010715	-0.018975
0.100115	-0.034873	-0.002283
0.09993	-0.08279	-0.038383
0.076	-0.094662	-0.012147
0.051914	-0.027721	-0.028903
0.082965	-0.042142	0.004602
0.056598	0.039196	-0.02644
0.030291	-0.037479	-0.069469
0.056621	-0.073279	0.014185
0.02309	-0.054141	-0.069612
-0.000631	-0.09941	-0.005005
0.018652	-0.022814	-0.062301
0.114158	-0.042029	0.030863
0.07102	-0.003856	-0.069569
0.061461	-0.07085	-0.009758
-0.026861	-0.073064	-0.057575
0.028317	-0.044275	-0.05275
-0.036257	-0.02981	0.011892
0.059603	-0.053688	-0.009689
-0.012045	-0.094146	-0.031356
0.045467	-0.065296	0.006859
0.024058	-0.086638	-0.014812
0.009773	-0.007574	-0.02913
0.069588	-0.048365	-0.084183
0.007432	0.042646	-0.050534
0.079182	-0.012543	-0.021767
0.059991	-0.055721	-0.057639
-0.002288	0.066283	-0.035915
-0.035758	0.006435	0.016806
-0.033296	0.032667	-0.052437
-0.011707	-0.005679	-0.004468
0.064792	-0.022494	0.017
-0.002366	0.090003	0.009798
0.071789	0.013327	0.028908
0.021532	-0.029827	-0.062005
0.014361	-0.013001	0.000202
0.047724	0.027552	-0.054855
-0.002369	-0.171018	-0.045336
0.055028	-0.046479	-0.007099
0.071525	0.032376	-0.026314
0.085803	-0.001232	-0.038287
0.009118	0.005746	-0.095554
-0.007511	-0.090025	-0.071498
0.049907	-0.044499	0.002657
0.076088	-0.061308	0.000144
0.03766	-0.001585	-0.054862
0.095061	-0.073403	0.019257
0.018316	0.07977	0.009703
0.03505	-0.056692	-0.038297
0.044607	-0.051882	-0.045532
0.051684	-0.018356	-0.009716
0.020559	-0.015996	-0.019238
0.037285	-0.004127	-0.0431
0.037262	-0.078235	0.023763
0.037337	-0.037542	-0.083905
0.015858	-0.037421	0.021404
0.11614	0.058049	-0.033591
0.082537	-0.04499	-0.047969
0.044247	-0.042544	-0.026449
0.008484	-0.025842	-0.078885
0.037385	-0.186072	0.009599
0.022933	-0.011244	0.009524
0.042065	-0.116497	0.021308
0.065953	-0.049533	-0.05288
-0.027378	-0.011236	-0.050379
0.097015	-0.013683	-0.026519
0.02985	-0.054364	-0.005116
0.075295	-0.068716	-0.033943
0.032268	-0.004128	-0.045734
0.029748	-0.009007	0.006938
0.041723	-0.085584	-0.000327
0.106295	-0.059335	-0.062574
0.029461	0.036356	0.018791
0.031883	-0.116908	-0.043473
0.048607	-0.013989	-0.036245
0.050935	-0.145674	-0.062715
0.04847	-0.081001	0.021029
0.067364	0.045623	-0.08903
0.03366	-0.050139	0.025699
0.045651	-0.085938	0.032741
0.002706	-0.092898	-0.000898
0.067282	-0.009228	-0.096598
0.071839	0.04318	-0.02703
0.078969	-0.004846	-0.019747
0.057331	-0.016887	0.028149
0.083673	-0.129441	-0.014978
-0.004804	-0.112578	-0.03172
0.043072	-0.052642	0.006497
0.042962	-0.021563	-0.017496
0.062066	-0.019247	-0.010272
0.05722	-0.031239	-0.036657
0.026123	0.023746	-0.060439
0.03812	-0.016975	0.006654
0.054857	0.014024	-0.031523
0.040378	0.018603	-0.074482
0.054684	-0.017385	-0.043339
0.023555	-0.034085	-0.007488
0.033098	-0.024474	-0.02433
0.069041	-0.045961	-0.03398
0.061802	-0.041282	-0.048264
0.052238	-0.129708	-0.014956
0.035439	-0.045862	-0.000647
0.028219	-0.00038	0.008926
0.083212	0.013823	-0.060415
0.004254	-0.062787	-0.050794
0.023527	-0.110546	-0.036485
0.025976	-0.000411	-0.043567
0.011651	-0.014837	-0.048241
0.045145	-0.046004	-0.041051
0.06666	-0.053082	-0.005304
0.013832	0.045021	0.004246
0.083207	-0.026839	0.011357
0.064007	-0.081763	0.035064
0.052042	-0.060267	-0.067836
-0.00065	-0.012421	-0.034241
0.020916	-0.007779	-0.055596
0.097421	-0.03661	-0.055625
0.03742	-0.041468	-0.041301
0.085296	-0.098994	-0.072406
0.061225	-0.000945	-0.022052
0.070602	0.053984	0.021042
0.041716	-0.032328	-0.010131
0.02239	-0.001216	0.023254
0.015301	-0.080151	-0.024675
0.067999	-0.01318	-0.065267
0.027214	-0.010928	-0.057974
0.041585	-0.058792	-0.034069
0.012778	-0.025368	-0.057957
0.036611	0.072628	-0.041062
0.048632	-0.028009	-0.043352
0.06531	-0.004032	0.042742
0.060489	-0.016089	-0.019457
0.060422	-0.020886	0.006827
0.046012	0.017325	-0.01224
0.034009	-0.047263	0.00919
0.022131	-0.018684	-0.09349
0.031872	-0.130911	-0.000344
0.051017	-0.035144	-0.050614
0.041445	0.026902	-0.064689
0.053402	0.010089	-0.02154
0.031769	0.00764	-0.007184
0.098914	-0.128729	0.016668
0.034247	-0.066414	0.009426
-0.008837	-0.013702	-0.007338
0.043884	-0.051935	-0.012205
0.065385	0.026843	-0.050257
0.041483	-0.087868	-0.019387
0.053474	-0.090266	-0.057687
0.091573	-0.037664	0.004464
0.062767	-0.004208	-0.019463
0.074598	-0.004423	-0.105566
0.062545	-0.006921	-0.033669
0.043235	-0.021342	0.011743
0.016951	-0.052486	-0.05045
0.038508	-0.035714	-0.026507
0.026404	-0.018982	0.006927
0.059917	-0.031034	-0.064843
0.107552	0.00705	-0.057642
0.09061	-0.055375	-0.067212
0.068958	-0.043381	-0.005065
0.013925	-0.024314	-0.069558
0.011517	-0.060169	-0.021762
0.066505	-0.081657	0.013975
0.056778	-0.086388	-0.019785
0.030389	-0.038547	-0.026943
0.051883	0.011424	-0.122396
0.047008	-0.034116	-0.031432
0.032691	-0.048456	-0.02423
0.023108	-0.034047	0.002063
0.015768	0.071183	-0.01707
0.02526	0.035202	-0.000327
0.02291	-0.058052	-0.01484
0.049209	-0.007876	-0.053058
0.039587	-0.053341	-0.036388
0.020608	-0.146333	0.037525
0.056599	-0.095791	0.01094
-0.010306	-0.148238	0.02756
0.042198	0.050405	0.032336
-0.012867	0.040836	0.015577
0.006255	-0.014336	-0.005911
0.099491	-0.02642	-0.032294
0.061249	-0.004954	-0.072814
0.030128	-0.017018	-0.058318
0.049306	-0.040995	-0.075031
0.037579	-0.095903	-0.027093
0.020905	-0.100464	0.030194
0.040113	-0.059699	-0.041669
0.025752	-0.018965	-0.010547
0.064074	-0.102739	-0.024979
0.037645	-0.059618	0.006054
0.071114	-0.026219	-0.048928
0.087809	-0.067014	-0.063272
0.028009	-0.043032	-0.005752
0.042301	-0.026374	-0.058389
0.066174	-0.069494	-0.015349
0.039824	-0.021746	-0.077433
0.054218	-0.074389	-0.043938
0.073157	-0.000227	0.011022
0.06837	-0.036249	-0.070285
0.015651	-0.014769	-0.034297
0.058703	-0.115338	-0.046361
0.02748	-0.024333	0.030195
0.089518	0.028186	0.008608
0.046421	-0.048489	-0.048813
0.06547	-0.053309	-0.027335
-0.030289	-0.031721	-0.020149
0.074977	-0.027059	-0.077589
0.07716	0.02065	-0.051226
0.000572	0.001426	-0.053486
0.026964	-0.053566	0.003927
0.101079	-0.060796	0.001453
0.041223	-0.063084	0.013311
0.069869	-0.003253	-0.008287
0.026761	-0.027147	-0.020332
0.069721	0.020549	-0.063342
0.012361	-0.106207	-0.029911
0.021793	0.051782	0.020331
0.055165	-0.029625	0.053667
0.067019	-0.02969	-0.027813
0.000128	-0.058382	-0.046853
0.038418	-0.027264	-0.032495
0.081554	-0.106202	-0.020619
0.014588	-0.072571	-0.061362
0.045627	0.030175	-0.061159
0.040792	-0.041659	0.005833
0.021586	0.034913	-0.008498
0.050192	-0.017844	0.012999
0.090814	-0.159148	-0.042188
-0.016851	-0.068061	-0.042167
0.05723	0.020463	0.048789
0.038052	0.010815	-0.001443
0.064269	-0.008395	-0.02307
0.059271	0.001016	-0.008707
-0.024454	-0.058744	-0.011141
-0.067461	0.022655	-0.058891
0.056962	-0.020425	0.015187
0.018629	-0.049173	-0.044689
0.01374	-0.006112	-0.032757
0.035157	-0.135363	0.019685
-0.015065	-0.080124	0.009989
0.071013	0.013001	-0.068843
0.056556	0.010508	-0.032886
0.142426	-0.006452	-0.023431
0.072914	-0.018546	-0.059266
0.027461	-0.063988	-0.03534
0.060981	-0.020955	-0.040045
0.051337	-0.01875	-0.047057
-0.003768	0.01234	-0.03744
0.020182	-0.037919	0.008019
0.063335	-0.102544	-0.078206
0.056156	-0.035462	-0.023145
0.01548	-0.016288	-0.032697
0.053743	-0.049856	-0.061453
0.084749	-0.021207	-0.042312
0.041674	-0.033191	-0.035078
0.05134	-0.052225	-0.006406
0.051278	-0.006749	-0.035175
0.03437	0.05293	-0.001548
0.084531	-0.016672	-0.092516
0.070053	-0.031193	-0.078068
0.041361	-0.009744	-0.077884
0.0271	-0.122154	-0.030066
0.053353	-0.059833	0.046415
0.060471	-0.079007	-0.032676
0.019675	-0.038253	0.043832
0.022004	-0.011961	-0.028023
0.060206	-6.7e-05	-0.016067
0.052939	-0.045699	-0.071079
0.095906	-0.057742	-0.068749
0.047997	-0.012291	-0.032766
-0.002181	-0.119981	-0.030355
0.024253	-0.088699	-0.020865
0.002728	-0.0049	-0.047146
-0.018654	-0.112394	0.022137
-0.001949	-0.045248	0.04352
0.057941	-0.059662	-0.097715
0.088916	-0.04537	-0.011564
0.026631	0.007191	-0.076084
0.055309	-0.000126	-0.066402
0.040822	0.006953	-0.020887
0.057486	-0.007504	-0.030463
0.035922	-0.062598	-0.042437
0.062221	-0.012344	-0.023271
0.026364	-0.076955	-0.063984
0.035998	-0.033869	-0.059109
0.028805	-0.017152	-0.051871
0.062218	-0.124783	0.034043
0.088587	-0.045745	-0.044971
0.052619	-0.016917	0.026725
0.06216	-0.028868	0.017075
0.019217	-0.100606	-0.059532
0.071903	-0.062208	-0.045265
0.072002	-0.131487	-0.038197
0.031407	-0.124044	-7.6e-05
0.014711	-0.054531	-0.021631
0.036357	-0.013912	-0.12919
0.029005	0.115194	-0.073995
0.103191	-0.011826	-0.081138
0.06485	-0.105146	-0.018998
0.021786	-0.023792	-0.069146
0.031359	-0.050168	-0.078693
-0.004538	0.021606	-0.011508
0.036193	-0.081389	-0.05459
0.057584	0.01193	-0.025914
0.028832	-0.028752	-0.00681
0.071862	-0.076735	-0.054689
0.057452	0.006998	-0.047429
-0.011924	-0.057598	-0.009113
0.050325	-0.086237	-0.00926
0.088558	-0.002618	-0.06897
0.062227	-0.117343	0.009781
0.028673	-0.0096	-0.028521
0.10041	-0.052805	-0.059657
0.069352	-0.086301	-0.054829
0.062048	-0.016989	-0.047586
0.066849	-0.127104	-0.05004
0.009387	-0.009727	-0.018913
0.01896	-0.021743	-0.006894
0.00461	-0.071926	-0.009411
0.016608	-0.04806	-0.06676
-0.012064	-0.088633	-0.006993
0.031012	-0.009613	-0.004614
0.090845	-0.0455	-0.038239
-0.021654	-0.016778	-0.018984
0.011944	-0.043112	-0.062037
0.057421	-0.01668	0.007281
0.042986	-0.007132	0.014436
0.007048	-0.043067	-0.033466
0.076486	0.016571	-0.093061
0.014208	-0.014525	-0.014083
0.081277	-0.045624	-0.030883
0.100326	-0.074447	-0.083589
0.035608	0.061935	-0.040362
0.052271	-0.0147	0.02179
0.030703	-0.038659	-0.009345
0.01633	-0.048182	-0.007029
0.061506	0.040282	0.059877
-0.003162	-0.021963	-0.021589
-0.017507	0.059373	-0.009467
0.094975	-0.065206	-0.0143
0.042343	-0.043647	-0.071723
0.030473	-0.050826	-0.112335
0.054348	-0.06039	-0.004659
0.025676	-0.096112	-0.028794
0.04486	-0.062465	-0.004965
0.039831	0.025896	-0.038428
0.090015	-0.046123	-0.095813
0.070705	-0.053377	0.026262
0.085172	-0.146714	-0.012043
0.077811	0.027865	-0.059803
0.072916	0.003829	-0.038249
0.001093	-0.072671	-0.007263
-0.013083	-0.060581	-0.05271
0.09689	0.018275	-0.031135
0.134672	0.018015	-0.019401
0.043549	-0.003637	-0.028977
0.091209	0.022478	-0.045706
0.052714	-0.032619	0.021184
0.014485	-0.111516	-0.033979
0.011999	0.020126	0.016327
0.040801	-0.094748	-0.026829
0.047919	0.015307	-0.036335
0.045483	-0.042211	-0.01238
0.002365	-0.006303	-0.045894
0.011946	-0.035031	0.011572
0.002322	0.060721	-0.005178
0.045411	-0.039857	-0.033958
0.069244	-0.032687	-0.024482
0.064439	-0.015869	-0.007797
-0.00488	-0.044546	-0.053239
0.054896	0.029696	0.008929
0.047765	-0.11866	-0.029505
-0.004861	-0.013278	-0.024651
0.009638	-0.056284	0.028047
0.043004	0.082319	-0.045983
-0.00729	-0.008748	-0.038727
0.026365	-0.106923	-0.084127
0.062303	-0.051876	-0.06251
-0.021463	-0.030338	-0.060029
0.057549	-0.073394	-0.012221
-0.026119	-0.042268	-0.088684
0.048081	0.000823	0.0047
0.029005	-0.14761	-0.033607
0.02658	-0.003842	0.014178
0.017009	-0.018187	-0.031351
0.009851	-0.015805	-0.007355
0.021893	-0.087633	-0.062397
0.045873	-0.085242	-0.047991
0.012353	-0.027773	-0.028806
0.043473	-0.051766	-0.035953
0.021829	-0.001606	-0.057429
0.105562	-0.044769	-0.043089
0.081393	-0.083093	0.038111
0.052475	0.005388	-0.064893
0.052464	-0.071342	-0.071976
0.071481	-0.03075	-0.064787
0.07847	-0.040441	-0.012163
0.035293	0.033653	-0.047967
0.052194	-0.129038	0.06932
0.068921	-0.023648	-0.026533
0.05685	-0.016604	-0.057594
0.035167	-0.00956	-0.021624
0.078221	-0.052691	-0.026446
0.080596	-0.07661	-0.036086
0.078158	-0.047874	-0.009783
0.039615	0.026317	0.040344
0.034745	-0.028742	0.045018
0.030107	-0.074217	-0.057847
0.022926	-0.019099	-0.019561
0.0708	-0.03576	0.016203
0.056418	-0.035845	-0.045971
0.010937	-0.014363	-0.045854
0.041868	0.033372	-0.009937
0.051296	-0.019323	0.018649
0.04874	0.042897	0.032912
0.062963	-0.012227	-0.015096
0.01026	0.016479	0.0017
-0.023192	0.01411	-0.015018
0.043834	0.025944	-0.034035
-0.004029	-0.04827	-0.048406
0.034236	-0.017171	0.001878
0.086837	-0.031631	-0.089113
-0.001575	-0.062792	-0.112813
0.024795	-0.069908	-0.029051
0.008026	0.021	-0.062457
0.055879	-0.060481	-0.026517
0.053423	-0.024584	-0.05289
0.07006	-0.022304	-0.038511
0.050699	-0.0033	-0.026553
0.069736	-0.024803	0.011574
0.043344	-0.043989	-0.053109
0.074324	-0.072751	-0.017322
0.052848	-0.067961	-0.089087
0.11502	-0.027384	-0.029143
0.02628	0.003743	0.044982
0.102816	0.008389	-0.050748
0.083664	0.017834	-0.086491
0.062052	-0.020589	-0.072052
0.07402	-0.068504	-0.052882
0.018903	-0.003925	-0.062386
0.074019	-0.087732	-0.040821
0.054854	-0.082871	-0.03852
0.057077	0.041484	-0.052838
0.011618	-0.035117	-0.026493
0.040402	-0.037526	-0.036011
0.085813	-0.071051	-0.004982
0.095182	-0.025627	-0.021864
0.099811	0.00534	-0.033798
0.032964	-0.116639	-0.028994
0.01166	-0.11409	-0.040899
0.04522	-0.068462	-0.002702
0.021419	-0.051637	-0.055308
-0.009531	-0.063491	-0.057661
0.021577	0.020363	0.026102
0.112436	-0.044328	-0.002766
0.05015	-0.037038	0.037799
0.014335	-0.051414	-0.074645
0.059876	-0.053877	-0.081706
0.043088	-0.032341	-0.021828
0.059735	0.003423	-0.036121
0.045443	-0.070795	-0.1199
0.02889	-0.094673	-0.076658
0.026563	-0.10171	-0.028871
0.014669	-0.010614	-0.045656
0.052864	-0.079998	0.030762
0.029061	-0.075062	-0.024351
0.019559	-0.079862	-0.076947
0.074557	-0.051155	-0.021911
0.050506	-0.079721	0.030452
0.11745	0.001507	-0.091561
-0.031014	0.003825	-0.053114
-0.02367	-0.029658	-0.036243
0.069561	0.008542	0.004442
0.038392	-0.003502	-0.036223
0.04781	-0.001208	-0.057821
0.002401	-0.082404	0.023413
0.04314	-0.051252	-0.062802
0.057429	-0.022598	-0.074756
0.035782	-0.017952	-0.017191
0.038233	-0.082529	-0.019639
0.045357	-0.056179	-0.007732
0.057371	-0.092069	-0.026897
0.116887	-0.017985	-0.019889
0.006717	-0.058614	0.042276
0.049792	-0.020389	-0.031888
0.032965	0.010682	-0.005528
0.042568	-0.087484	-0.086973
0.066472	-0.042055	-0.070158
0.042566	0.001069	-0.003069
0.028039	-0.01806	0.023073
0.075927	-0.070674	0.037335
0.059136	-0.037166	-0.008173
0.030368	-0.085057	-0.060905
0.020755	-0.008399	0.037235
0.008755	0.032139	-0.053578
0.003819	0.079907	0.011099
0.082534	0.055742	0.039771
0.005946	-0.087856	-0.017782
-0.00837	-0.087663	-0.001204
0.073117	-0.073287	-0.032284
0.025157	-0.018255	0.003641
0.125328	0.062933	-0.001284
0.079724	-0.042457	0.00581
0.058165	-0.052084	-0.075567
0.091543	0.029161	-0.022805
0.060253	0.014605	-0.087397
0.031601	-0.021453	-0.108692
0.081824	0.004799	-0.012851
-0.011605	0.069449	0.063784
0.064935	-0.026548	-0.072592
0.02416	-0.07457	-0.1683
0.036082	-0.014752	-0.026976
0.045565	0.014019	0.013596
0.0431	-0.088884	0.056529
